<stroke> 
	468 579 0.167 468 580 0.167 468 581 0.167 469 579 0.167 469 580 0.167 469 581 0.167 
</stroke> 
<stroke> 
	466 584 0.200 466 584 0.233 470 579 2.000 470 580 2.000 470 581 2.000 471 579 2.000 471 580 2.000 471 581 2.000 
</stroke> 
<stroke> 
	173 1 0.267 173 2 0.267 173 3 0.267 174 1 0.267 174 3 0.267 175 1 0.267 
</stroke> 
<stroke> 
	142 3 0.300 143 3 0.300 144 3 0.300 145 3 0.300 
</stroke> 
<stroke> 
	127 3 5.500 129 3 5.500 130 3 5.500 131 3 5.500 132 3 5.500 133 3 5.500 134 3 5.500 135 3 5.500 136 3 5.500 137 3 5.500 138 3 5.500 
</stroke> 
<stroke> 
	6 196 0.333 6 197 0.333 7 195 0.333 9 196 0.333 7 195 0.400 8 196 0.400 6 196 0.500 6 197 0.500 7 195 0.500 8 195 0.500 8 196 0.500 9 195 0.500 9 196 0.500 9 197 0.500 10 195 0.500 10 196 0.500 10 197 0.500 11 195 0.500 11 196 0.500 11 197 0.500 11 198 0.500 12 195 0.500 12 196 0.500 12 197 0.500 12 198 0.500 13 195 0.500 13 196 0.500 13 197 0.500 13 198 0.500 14 196 0.500 14 197 0.500 14 198 0.500 15 196 0.500 15 197 0.500 15 198 0.500 16 196 0.500 16 197 0.500 16 198 0.500 17 196 0.500 17 197 0.500 11 195 0.600 12 195 0.600 13 195 0.600 17 198 0.600 18 196 0.600 18 197 0.600 18 198 0.600 19 196 0.600 19 197 0.600 19 198 0.600 20 196 0.600 20 197 0.600 20 198 0.600 21 195 0.600 21 196 0.600 21 197 0.600 22 195 0.600 22 196 0.600 22 197 0.600 23 195 0.600 21 195 0.633 23 195 0.667 6 195 0.733 6 197 0.733 
</stroke> 
<stroke> 
	23 196 0.600 23 196 0.667 23 195 1.100 23 195 1.133 23 195 1.300 
</stroke> 
<stroke> 
	23 197 0.600 24 196 0.600 24 196 0.667 23 196 1.100 23 196 1.167 23 196 1.300 
</stroke> 
<stroke> 
	7 198 0.400 7 198 0.500 21 198 0.633 5 194 0.733 5 195 0.733 6 193 0.733 6 194 0.733 7 194 0.733 3 197 0.800 3 198 0.800 3 199 0.800 3 200 0.800 3 201 0.800 3 202 0.800 3 203 0.800 4 195 0.800 4 196 0.800 4 197 0.800 4 198 0.800 4 199 0.800 4 200 0.800 4 201 0.800 4 202 0.800 4 203 0.800 5 196 0.800 5 197 0.800 5 198 0.800 5 199 0.800 5 200 0.800 5 201 0.800 5 202 0.800 5 203 0.800 3 197 0.833 6 193 0.833 7 194 1.000 10 198 1.000 12 199 1.000 24 196 1.100 24 196 1.133 15 195 1.233 16 200 1.233 16 201 1.233 16 202 1.233 16 203 1.233 16 204 1.233 16 205 1.233 17 199 1.233 17 200 1.233 17 201 1.233 17 202 1.233 17 203 1.233 17 204 1.233 17 205 1.233 18 199 1.233 18 200 1.233 18 201 1.233 18 202 1.233 18 204 1.233 19 199 1.233 19 200 1.233 19 201 1.233 19 202 1.233 20 199 1.233 20 200 1.233 20 201 1.233 16 200 1.300 16 201 1.300 16 202 1.300 17 199 1.300 17 200 1.300 17 201 1.300 17 202 1.300 18 199 1.300 18 200 1.300 18 201 1.300 18 202 1.300 19 199 1.300 19 200 1.300 19 201 1.300 19 202 1.300 20 199 1.300 20 200 1.300 20 201 1.300 24 195 1.300 24 196 1.300 24 197 1.300 25 196 1.300 21 208 1.333 21 209 1.333 21 210 1.333 22 198 1.333 22 203 1.333 22 204 1.333 22 205 1.333 22 206 1.333 22 207 1.333 22 208 1.333 22 209 1.333 22 210 1.333 23 198 1.333 23 199 1.333 23 200 1.333 23 201 1.333 23 202 1.333 23 203 1.333 23 204 1.333 23 205 1.333 23 206 1.333 24 195 1.333 24 198 1.333 24 199 1.333 24 200 1.333 24 201 1.333 24 202 1.333 24 203 1.333 24 204 1.333 24 205 1.333 25 197 1.333 25 198 1.333 25 199 1.333 25 200 1.333 25 201 1.333 25 202 1.333 25 203 1.333 21 208 1.467 21 209 1.467 21 210 1.467 22 206 1.467 22 207 1.467 22 208 1.467 22 209 1.467 22 210 1.467 
</stroke> 
<stroke> 
	5 206 0.967 5 207 0.967 5 208 0.967 6 206 0.967 6 207 0.967 14 206 1.233 14 206 1.300 
</stroke> 
<stroke> 
	18 215 1.500 18 216 1.500 19 215 1.500 19 216 1.500 20 215 1.500 20 216 1.500 18 217 1.667 18 218 1.667 18 217 1.800 20 216 1.800 21 215 1.800 18 216 1.833 18 217 1.833 19 216 1.833 21 215 1.833 18 217 2.167 
</stroke> 
<stroke> 
	18 219 1.667 18 218 2.167 
</stroke> 
<stroke> 
	17 222 1.500 17 223 1.500 18 221 1.500 18 222 1.500 18 223 1.500 19 222 1.500 16 220 1.600 17 219 1.600 17 220 1.600 17 221 1.600 17 222 1.600 17 223 1.600 18 220 1.600 18 222 1.600 18 223 1.600 19 222 1.600 15 220 1.633 16 219 1.633 16 221 1.633 17 221 1.633 18 220 1.633 18 221 1.633 14 221 1.667 15 221 1.667 15 222 1.667 16 222 1.667 17 218 1.667 17 221 1.667 19 217 1.667 14 221 1.800 18 220 1.800 18 221 1.967 18 219 2.167 
</stroke> 
<stroke> 
	19 218 1.667 19 217 2.167 
</stroke> 
<stroke> 
	19 219 1.667 19 218 2.167 
</stroke> 
<stroke> 
	20 217 1.667 19 219 2.167 
</stroke> 
<stroke> 
	20 218 1.667 20 217 2.167 
</stroke> 
<stroke> 
	20 219 1.667 20 218 2.167 
</stroke> 
<stroke> 
	21 218 1.667 21 216 1.800 21 217 1.800 22 216 1.800 22 217 1.800 15 214 1.833 15 215 1.833 16 214 1.833 16 215 1.833 16 216 1.833 16 217 1.833 16 218 1.833 17 215 1.833 17 216 1.833 17 217 1.833 19 220 1.967 19 221 1.967 20 220 1.967 20 221 1.967 21 219 1.967 21 220 1.967 22 216 1.967 20 225 2.100 20 226 2.100 21 224 2.100 21 225 2.100 21 226 2.100 21 227 2.100 22 226 2.100 23 223 2.100 23 224 2.100 19 226 2.133 20 227 2.133 21 227 2.133 22 224 2.133 22 225 2.133 22 226 2.133 19 226 2.167 19 227 2.167 19 228 2.167 19 229 2.167 19 230 2.167 20 219 2.167 20 225 2.167 20 228 2.167 20 229 2.167 20 230 2.167 20 231 2.167 21 223 2.167 21 224 2.167 21 225 2.167 21 227 2.167 21 228 2.167 21 229 2.167 21 230 2.167 22 228 2.167 22 229 2.167 16 231 2.233 17 230 2.233 17 231 2.233 17 232 2.233 18 230 2.233 18 231 2.233 18 232 2.233 19 231 2.233 19 232 2.233 20 232 2.233 21 231 2.233 16 229 2.333 16 230 2.333 17 228 2.333 17 229 2.333 18 227 2.333 18 228 2.333 18 229 2.333 22 227 2.333 22 230 2.333 23 228 2.333 23 229 2.333 23 230 2.333 24 229 2.333 24 230 2.333 21 232 2.400 22 231 2.400 22 232 2.400 23 227 2.400 23 231 2.400 23 232 2.400 23 233 2.400 24 231 2.400 24 232 2.400 24 233 2.400 25 231 2.400 25 232 2.400 21 233 2.467 21 234 2.467 21 235 2.467 21 236 2.467 22 233 2.467 22 234 2.467 22 235 2.467 22 236 2.467 22 237 2.467 23 234 2.467 23 235 2.467 23 236 2.467 25 230 2.467 25 233 2.467 23 227 2.500 15 240 2.633 16 239 2.633 16 242 2.633 17 239 2.633 18 240 2.633 17 238 2.667 18 237 2.667 18 238 2.667 18 239 2.667 18 240 2.667 19 237 2.667 19 238 2.667 19 239 2.667 20 236 2.667 20 237 2.667 20 238 2.667 20 239 2.667 21 236 2.667 21 237 2.667 21 238 2.667 21 239 2.667 22 236 2.667 22 237 2.667 22 238 2.667 22 239 2.667 22 240 2.667 22 241 2.667 22 242 2.667 22 243 2.667 23 237 2.667 23 238 2.667 23 239 2.667 23 240 2.667 23 241 2.667 23 242 2.667 23 243 2.667 23 244 2.667 24 234 2.667 24 238 2.667 24 239 2.667 24 240 2.667 24 241 2.667 24 242 2.667 24 243 2.667 23 234 2.733 23 235 2.733 23 236 2.733 24 234 2.733 21 247 2.767 17 246 2.833 18 243 2.833 18 244 2.833 18 245 2.833 18 246 2.833 18 247 2.833 19 244 2.833 19 245 2.833 19 247 2.833 21 247 2.833 21 248 2.833 21 249 2.833 22 247 2.833 22 248 2.833 17 246 2.900 20 248 2.900 20 249 2.900 20 250 2.900 20 251 2.900 21 250 2.900 21 251 2.900 22 249 2.900 22 250 2.900 22 251 2.900 17 252 2.967 18 251 2.967 18 252 2.967 18 253 2.967 19 251 2.967 19 252 2.967 19 253 2.967 20 252 2.967 20 253 2.967 21 252 2.967 17 252 3.000 18 259 3.000 19 254 3.000 19 255 3.000 19 256 3.000 19 257 3.000 19 258 3.000 19 259 3.000 19 260 3.000 20 254 3.000 20 255 3.000 20 256 3.000 20 257 3.000 20 258 3.000 20 259 3.000 20 260 3.000 21 253 3.000 21 254 3.000 21 255 3.000 21 256 3.000 21 257 3.000 21 258 3.000 21 259 3.000 22 255 3.000 22 256 3.000 23 249 3.000 10 261 3.133 11 260 3.133 11 261 3.133 11 262 3.133 12 260 3.133 12 261 3.133 12 262 3.133 13 260 3.133 13 261 3.133 13 262 3.133 14 260 3.133 14 261 3.133 14 262 3.133 15 260 3.133 15 261 3.133 15 262 3.133 16 259 3.133 16 260 3.133 16 261 3.133 17 259 3.133 17 260 3.133 17 261 3.133 18 260 3.133 18 261 3.133 20 260 3.133 6 259 3.167 6 260 3.167 6 261 3.167 7 259 3.167 7 260 3.167 7 261 3.167 8 260 3.167 8 261 3.167 8 262 3.167 9 260 3.167 9 261 3.167 9 262 3.167 10 260 3.167 10 262 3.167 16 259 3.233 16 262 3.233 17 262 3.233 18 262 3.233 19 261 3.233 19 262 3.233 20 260 3.233 20 261 3.233 18 251 3.333 17 263 3.400 13 263 3.500 13 264 3.500 13 265 3.500 13 266 3.500 13 267 3.500 14 263 3.500 14 264 3.500 14 265 3.500 14 266 3.500 14 267 3.500 15 263 3.500 15 264 3.500 15 265 3.500 15 266 3.500 15 267 3.500 16 260 3.500 16 261 3.500 16 262 3.500 16 263 3.500 16 264 3.500 16 265 3.500 17 260 3.500 17 261 3.500 17 262 3.500 17 263 3.500 18 260 3.500 18 261 3.500 18 262 3.500 23 262 3.500 16 260 3.567 16 261 3.567 16 262 3.567 17 260 3.567 17 261 3.567 17 262 3.567 18 260 3.567 18 261 3.567 18 262 3.567 23 262 3.600 18 251 3.633 13 266 3.667 15 271 3.667 16 271 3.667 16 272 3.667 17 267 3.667 17 271 3.667 18 267 3.667 19 267 3.667 19 270 3.667 20 270 3.667 10 269 3.733 10 270 3.733 10 271 3.733 11 269 3.733 11 270 3.733 11 271 3.733 12 269 3.733 12 270 3.733 12 271 3.733 13 269 3.733 13 270 3.733 13 271 3.733 14 270 3.733 14 271 3.733 15 272 3.733 16 272 3.733 17 271 3.733 21 269 3.800 10 269 3.833 10 271 3.833 12 271 3.833 13 274 3.833 14 274 3.833 14 275 3.833 13 275 3.900 14 275 3.900 14 275 4.000 14 276 4.000 15 274 4.000 15 275 4.000 15 276 4.000 16 274 4.000 16 275 4.000 16 276 4.000 17 274 4.000 17 275 4.000 17 276 4.000 18 274 4.000 18 275 4.000 18 276 4.000 18 277 4.000 18 278 4.000 18 279 4.000 19 275 4.000 19 276 4.000 19 277 4.000 19 278 4.000 20 276 4.000 20 277 4.000 15 277 4.100 15 278 4.100 16 277 4.100 16 278 4.100 17 277 4.100 17 278 4.100 17 279 4.100 19 274 4.100 20 275 4.100 13 274 4.133 13 275 4.133 14 274 4.133 14 275 4.133 14 277 4.133 16 279 4.133 13 279 4.167 13 280 4.167 13 281 4.167 14 274 4.167 14 275 4.167 14 278 4.167 14 279 4.167 14 280 4.167 14 281 4.167 15 279 4.167 15 280 4.167 15 281 4.167 13 274 4.233 13 279 4.233 13 282 4.233 14 282 4.233 14 283 4.233 15 282 4.233 13 274 4.267 15 283 4.333 15 284 4.333 16 280 4.333 16 281 4.333 16 282 4.333 16 283 4.333 16 284 4.333 16 285 4.333 17 280 4.333 17 281 4.333 17 282 4.333 17 283 4.333 17 284 4.333 18 280 4.333 18 281 4.333 18 282 4.333 18 283 4.333 18 284 4.333 19 282 4.333 19 283 4.333 19 284 4.333 13 286 4.400 13 287 4.400 13 288 4.400 14 284 4.400 14 285 4.400 14 286 4.400 14 287 4.400 14 288 4.400 14 289 4.400 15 285 4.400 15 286 4.400 15 287 4.400 15 288 4.400 16 286 4.400 17 285 4.400 19 282 4.400 19 283 4.400 19 284 4.400 15 289 4.467 15 290 4.467 16 287 4.467 16 288 4.467 16 289 4.467 16 290 4.467 16 291 4.467 17 289 4.467 17 290 4.467 17 291 4.467 18 290 4.500 18 291 4.500 
</stroke> 
<stroke> 
	15 302 4.600 16 301 4.600 16 302 4.600 16 303 4.600 17 301 4.600 17 302 4.600 13 311 4.633 13 314 4.633 13 315 4.633 14 310 4.633 14 311 4.633 14 312 4.633 14 313 4.633 14 314 4.633 14 315 4.633 15 310 4.633 15 311 4.633 15 312 4.633 15 314 4.633 15 315 4.633 13 310 4.667 13 314 4.667 13 315 4.667 14 310 4.667 14 311 4.667 14 313 4.667 14 314 4.667 14 315 4.667 15 314 4.667 15 315 4.667 13 311 4.833 14 309 4.833 14 312 4.833 15 309 4.833 15 310 4.833 15 311 4.833 15 312 4.833 16 308 4.833 16 309 4.833 16 310 4.833 16 311 4.833 16 312 4.833 17 309 4.833 17 310 4.833 17 311 4.833 17 312 4.833 17 313 4.833 18 310 4.833 18 311 4.833 18 312 4.833 13 312 4.900 13 313 4.900 13 314 4.900 13 315 4.900 14 313 4.900 14 314 4.900 14 315 4.900 15 308 4.900 15 313 4.900 15 314 4.900 15 315 4.900 16 313 4.900 16 314 4.900 17 314 4.900 10 310 5.000 10 311 5.000 10 312 5.000 10 313 5.000 10 314 5.000 11 309 5.000 11 310 5.000 11 311 5.000 11 312 5.000 11 313 5.000 11 314 5.000 11 315 5.000 12 309 5.000 12 310 5.000 12 311 5.000 12 312 5.000 12 313 5.000 12 314 5.000 12 315 5.000 13 309 5.000 15 308 5.000 11 309 5.100 12 309 5.100 13 309 5.100 17 314 5.133 5 320 5.167 9 322 5.167 10 321 5.167 10 322 5.167 11 320 5.167 11 321 5.167 11 322 5.167 11 323 5.167 12 321 5.167 12 322 5.167 12 323 5.167 13 321 5.167 13 322 5.167 13 323 5.167 14 321 5.167 14 322 5.167 14 323 5.167 15 322 5.167 15 323 5.167 15 324 5.167 16 322 5.167 16 323 5.167 16 324 5.167 17 322 5.167 17 323 5.167 17 324 5.167 18 322 5.167 18 323 5.167 18 324 5.167 19 322 5.167 19 323 5.167 19 324 5.167 20 322 5.167 20 323 5.167 20 324 5.167 21 323 5.167 21 324 5.167 21 325 5.167 22 323 5.167 22 324 5.167 22 325 5.167 23 323 5.167 23 324 5.167 23 325 5.167 24 324 5.167 24 323 5.300 24 325 5.300 25 324 5.300 25 325 5.300 25 326 5.300 26 324 5.300 26 325 5.300 26 326 5.300 27 324 5.300 27 325 5.300 27 326 5.300 28 324 5.300 28 325 5.300 28 326 5.333 29 325 5.333 15 325 5.400 15 326 5.400 16 325 5.400 16 326 5.400 17 325 5.400 18 325 5.400 19 320 5.400 19 321 5.400 19 325 5.400 20 320 5.400 20 321 5.400 20 322 5.400 21 320 5.400 21 321 5.400 21 322 5.400 22 320 5.400 22 321 5.400 22 322 5.400 23 320 5.400 23 321 5.400 23 322 5.400 
</stroke> 
