0.115 0.000 0.003
0.028 0.000 0.000
0.034 0.000 0.001
0.028 0.000 0.001
0.042 0.000 0.001
0.017 0.000 0.000
0.027 0.000 0.001
0.023 0.000 0.000
0.012 0.000 0.000
0.005 0.000 0.000
0.014 0.000 0.000
0.017 0.000 0.000
0.018 0.000 0.000
0.005 0.000 0.000
0.010 0.000 0.000
0.006 0.000 0.000
0.010 0.000 0.000
0.005 0.000 0.000
0.099 0.000 0.007
0.450 0.000 0.043
0.341 0.000 0.025
0.105 0.000 0.003
0.117 0.000 0.004
0.120 0.000 0.003
0.120 0.000 0.003
0.158 0.000 0.006
0.134 0.000 0.005
0.104 0.000 0.004
0.106 0.000 0.002
0.095 0.000 0.002
0.095 0.000 0.002
0.111 0.000 0.004
0.074 0.000 0.001
0.416 0.000 0.035
0.022 0.000 0.000
0.035 0.000 0.000
0.041 0.000 0.001
0.039 0.000 0.001
0.019 0.000 0.000
0.032 0.000 0.000
0.037 0.000 0.000
0.024 0.000 0.000
0.007 0.000 0.000
0.028 0.000 0.000
0.035 0.000 0.000
0.016 0.000 0.000
0.007 0.000 0.000
0.028 0.000 0.000
0.036 0.000 0.000
0.021 0.000 0.000
0.007 0.000 0.000
0.029 0.000 0.000
0.034 0.000 0.000
0.027 0.000 0.000
0.033 0.000 0.000
0.076 0.000 0.004
0.065 0.000 0.002
0.092 0.000 0.002
0.166 0.000 0.004
0.069 0.000 0.003
0.126 0.000 0.005
0.039 0.000 0.000
0.428 0.000 0.020
0.057 0.000 0.001
0.190 0.000 0.004
0.242 0.000 0.011
0.195 0.000 0.009
0.060 0.000 0.001
0.029 0.000 0.000
0.012 0.000 0.000
0.075 0.000 0.003
0.072 0.000 0.002
0.226 0.000 0.011
0.161 0.000 0.006
0.027 0.000 0.000
0.035 0.000 0.000
0.029 0.000 0.000
0.010 0.000 0.000
0.013 0.000 0.000
0.067 0.000 0.002
0.142 0.000 0.007
0.084 0.000 0.004
0.108 0.000 0.003
0.147 0.000 0.007
0.075 0.000 0.004
0.062 0.000 0.002
0.105 0.000 0.005
0.101 0.000 0.002
0.124 0.000 0.004
0.068 0.000 0.003
0.112 0.000 0.002
0.050 0.000 0.001
0.241 0.000 0.009
0.058 0.000 0.001
0.022 0.000 0.000
0.044 0.000 0.000
0.073 0.000 0.004
0.229 0.000 0.010
0.227 0.000 0.010
0.247 0.000 0.014
0.210 0.000 0.011
0.096 0.000 0.003
0.061 0.000 0.001
0.051 0.000 0.001
0.029 0.000 0.001
0.014 0.000 0.000
0.062 0.000 0.001
0.082 0.000 0.004
0.025 0.000 0.000
0.392 0.000 0.014
0.170 0.000 0.005
0.069 0.000 0.001
0.026 0.000 0.001
0.013 0.000 0.000
0.059 0.000 0.001
0.058 0.000 0.001
0.114 0.000 0.004
0.347 0.000 0.012
0.275 0.000 0.016
0.310 0.000 0.012
0.506 0.000 0.025
0.029 0.000 0.000
0.149 0.000 0.004
0.046 0.000 0.000
0.049 0.000 0.001
0.117 0.000 0.003
0.377 0.000 0.016
0.229 0.000 0.008
0.358 0.000 0.014
0.015 0.000 0.000
0.095 0.000 0.005
0.043 0.000 0.000
0.214 0.000 0.010
0.207 0.000 0.007
0.279 0.000 0.010
0.375 0.000 0.016
0.304 0.000 0.014
0.169 0.000 0.008
0.077 0.000 0.001
0.043 0.000 0.001
0.165 0.000 0.003
0.309 0.000 0.010
0.163 0.000 0.005
0.030 0.000 0.000
0.048 0.000 0.000
0.053 0.000 0.001
0.068 0.000 0.001
0.028 0.000 0.001
0.016 0.000 0.000
0.052 0.000 0.000
0.067 0.000 0.001
0.026 0.000 0.000
0.016 0.000 0.000
0.053 0.000 0.000
0.068 0.000 0.001
0.027 0.000 0.000
0.016 0.000 0.000
0.053 0.000 0.000
0.067 0.000 0.001
0.025 0.000 0.000
0.073 0.000 0.002
0.193 0.000 0.010
0.193 0.000 0.011
0.086 0.000 0.003
0.086 0.000 0.001
0.098 0.000 0.002
0.079 0.000 0.003
0.093 0.000 0.004
0.110 0.000 0.004
0.115 0.000 0.004
0.105 0.000 0.003
0.021 0.000 0.000
0.096 0.000 0.002
0.125 0.000 0.004
0.246 0.000 0.010
0.019 0.000 0.000
0.062 0.000 0.001
0.068 0.000 0.001
0.030 0.000 0.001
0.039 0.000 0.000
0.062 0.000 0.001
0.076 0.000 0.001
0.028 0.000 0.000
0.019 0.000 0.000
0.061 0.000 0.001
0.077 0.000 0.001
0.071 0.000 0.004
0.067 0.000 0.002
0.109 0.000 0.003
0.161 0.000 0.004
0.037 0.000 0.001
0.025 0.000 0.000
0.063 0.000 0.001
0.078 0.000 0.001
0.033 0.000 0.001
0.019 0.000 0.000
0.063 0.000 0.001
0.077 0.000 0.001
0.031 0.000 0.001
0.155 0.000 0.004
0.064 0.000 0.001
0.145 0.000 0.004
0.176 0.000 0.007
0.240 0.000 0.006
0.320 0.000 0.011
0.171 0.000 0.006
0.028 0.000 0.000
0.041 0.000 0.000
0.061 0.000 0.001
0.078 0.000 0.001
0.033 0.000 0.001
0.018 0.000 0.000
0.062 0.000 0.001
0.076 0.000 0.001
0.032 0.000 0.001
0.019 0.000 0.000
0.075 0.000 0.002
0.196 0.000 0.010
0.090 0.000 0.003
0.089 0.000 0.003
0.111 0.000 0.004
0.110 0.000 0.003
0.121 0.000 0.002
0.078 0.000 0.001
0.098 0.000 0.002
0.118 0.000 0.005
0.070 0.000 0.003
0.059 0.000 0.002
0.098 0.000 0.003
0.127 0.000 0.003
0.038 0.000 0.001
0.231 0.000 0.009
0.061 0.000 0.001
0.078 0.000 0.001
0.032 0.000 0.001
0.018 0.000 0.000
0.062 0.000 0.001
0.077 0.000 0.001
0.031 0.000 0.001
0.070 0.000 0.004
0.090 0.000 0.003
0.130 0.000 0.003
0.036 0.000 0.001
0.022 0.000 0.000
0.061 0.000 0.001
0.077 0.000 0.001
0.030 0.000 0.000
0.078 0.000 0.001
0.066 0.000 0.001
0.496 0.000 0.115
0.069 0.000 0.002
0.068 0.000 0.003
0.023 0.000 0.000
0.394 0.000 0.015
0.162 0.000 0.005
0.000 0.000 0.000
0.005 0.000 0.000
0.000 0.000 0.000
0.006 0.000 0.000
0.000 0.000 0.000
0.002 0.000 0.000
0.041 0.000 0.001
0.175 0.000 0.010
0.098 0.000 0.003
0.097 0.000 0.002
0.099 0.000 0.002
0.114 0.000 0.004
0.212 0.000 0.006
0.014 0.000 0.000
0.019 0.000 0.000
0.009 0.000 0.000
0.006 0.000 0.000
0.014 0.000 0.000
0.207 0.000 0.006
0.018 0.000 0.000
0.264 0.000 0.013
0.115 0.000 0.003
0.007 0.000 0.000
0.020 0.000 0.000
0.012 0.000 0.000
0.021 0.000 0.000
0.018 0.000 0.000
0.010 0.000 0.000
0.014 0.000 0.000
0.083 0.000 0.004
0.365 0.000 0.017
0.189 0.000 0.008
0.060 0.000 0.002
0.083 0.000 0.002
0.076 0.000 0.002
0.055 0.000 0.000
0.015 0.000 0.000
0.017 0.000 0.000
0.057 0.000 0.001
0.044 0.000 0.000
0.093 0.000 0.003
0.090 0.000 0.002
0.083 0.000 0.002
0.089 0.000 0.002
0.095 0.000 0.001
0.032 0.000 0.000
0.029 0.000 0.000
0.245 0.000 0.010
0.053 0.000 0.001
0.013 0.000 0.000
0.009 0.000 0.000
0.006 0.000 0.000
0.010 0.000 0.000
0.014 0.000 0.000
0.002 0.000 0.000
0.008 0.000 0.000
0.011 0.000 0.000
0.013 0.000 0.000
0.020 0.000 0.000
0.008 0.000 0.000
0.021 0.000 0.000
0.012 0.000 0.000
0.008 0.000 0.000
0.006 0.000 0.000
0.012 0.000 0.000
0.015 0.000 0.000
0.002 0.000 0.000
0.008 0.000 0.000
0.011 0.000 0.000
0.010 0.000 0.000
0.066 0.000 0.003
0.088 0.000 0.003
0.082 0.000 0.003
0.069 0.000 0.001
0.099 0.000 0.002
0.093 0.000 0.004
0.085 0.000 0.003
0.027 0.000 0.000
0.104 0.000 0.002
0.235 0.000 0.011
0.020 0.000 0.000
0.012 0.000 0.000
0.021 0.000 0.000
0.022 0.000 0.000
0.014 0.000 0.000
0.021 0.000 0.000
0.017 0.000 0.000
0.026 0.000 0.000
0.006 0.000 0.000
0.010 0.000 0.000
0.012 0.000 0.000
0.017 0.000 0.000
0.020 0.000 0.000
0.009 0.000 0.000
0.021 0.000 0.000
0.017 0.000 0.000
0.009 0.000 0.000
0.006 0.000 0.000
0.012 0.000 0.000
0.017 0.000 0.000
0.002 0.000 0.000
0.008 0.000 0.000
0.013 0.000 0.000
0.013 0.000 0.000
0.020 0.000 0.000
0.010 0.000 0.000
0.022 0.000 0.000
0.018 0.000 0.000
0.008 0.000 0.000
0.006 0.000 0.000
0.010 0.000 0.000
0.025 0.000 0.000
0.012 0.000 0.000
2.772 0.000 2.926
0.084 0.000 0.003
0.030 0.000 0.000
0.040 0.000 0.000
0.011 0.000 0.000
0.059 0.000 0.001
2.710 0.000 2.879
0.019 0.000 0.000
0.017 0.000 0.000
0.059 0.000 0.001
0.026 0.000 0.000
2.731 0.000 2.891
0.071 0.000 0.003
0.050 0.000 0.001
0.030 0.000 0.000
0.043 0.000 0.000
0.043 0.000 0.000
0.046 0.000 0.000
2.826 0.000 2.954
0.017 0.000 0.000
0.014 0.000 0.000
0.010 0.000 0.000
0.026 0.000 0.000
0.039 0.000 0.000
2.820 0.000 2.951
0.081 0.000 0.002
0.014 0.000 0.000
0.004 0.000 0.000
0.016 0.000 0.000
0.023 0.000 0.000
0.016 0.000 0.000
2.819 0.000 2.945
0.063 0.000 0.001
0.014 0.000 0.000
0.023 0.000 0.000
0.022 0.000 0.000
0.012 0.000 0.000
2.818 0.000 2.943
0.075 0.000 0.002
0.006 0.000 0.000
0.008 0.000 0.000
0.025 0.000 0.000
0.021 0.000 0.000
2.819 0.000 2.938
0.018 0.000 0.000
0.034 0.000 0.001
0.020 0.000 0.000
0.022 0.000 0.000
2.815 0.000 2.935
0.130 0.000 0.004
0.031 0.000 0.000
0.002 0.000 0.000
0.008 0.000 0.000
0.014 0.000 0.000
0.013 0.000 0.000
0.021 0.000 0.000
0.008 0.000 0.000
0.023 0.000 0.000
0.016 0.000 0.000
0.004 0.000 0.000
0.027 0.000 0.000
0.030 0.000 0.000
0.013 0.000 0.000
0.004 0.000 0.000
0.017 0.000 0.000
0.023 0.000 0.000
0.019 0.000 0.000
0.004 0.000 0.000
0.017 0.000 0.000
0.024 0.000 0.000
0.013 0.000 0.000
0.004 0.000 0.000
0.026 0.000 0.000
0.030 0.000 0.000
0.015 0.000 0.000
0.022 0.000 0.000
0.024 0.000 0.000
3.038 0.000 3.643
0.216 0.000 0.012
0.189 0.000 0.006
0.310 0.000 0.039
0.089 0.000 0.003
0.059 0.000 0.001
0.036 0.000 0.001
0.040 0.000 0.001
0.023 0.000 0.000
0.030 0.000 0.000
0.011 0.000 0.000
0.046 0.000 0.001
0.025 0.000 0.000
0.018 0.000 0.000
0.010 0.000 0.000
0.043 0.000 0.000
0.019 0.000 0.000
0.018 0.000 0.000
0.009 0.000 0.000
0.045 0.000 0.001
0.023 0.000 0.000
0.018 0.000 0.000
0.009 0.000 0.000
0.043 0.000 0.000
0.019 0.000 0.000
0.018 0.000 0.000
0.009 0.000 0.000
0.045 0.000 0.001
0.023 0.000 0.000
0.018 0.000 0.000
0.009 0.000 0.000
0.043 0.000 0.000
0.028 0.000 0.001
0.019 0.000 0.000
0.013 0.000 0.000
0.049 0.000 0.000
0.021 0.000 0.000
0.029 0.000 0.000
0.012 0.000 0.000
0.054 0.000 0.001
0.024 0.000 0.000
0.019 0.000 0.000
0.011 0.000 0.000
0.049 0.000 0.000
0.020 0.000 0.000
0.019 0.000 0.000
0.011 0.000 0.000
0.049 0.000 0.001
0.024 0.000 0.000
0.019 0.000 0.000
0.011 0.000 0.000
0.049 0.000 0.000
0.013 0.000 0.000
0.048 0.000 0.000
0.535 0.000 0.107
2.925 0.000 2.832
0.264 0.000 0.008
0.127 0.000 0.004
0.281 0.000 0.036
0.117 0.000 0.004
0.079 0.000 0.001
0.050 0.000 0.001
0.096 0.000 0.002
0.039 0.000 0.001
0.060 0.000 0.001
0.029 0.000 0.000
0.078 0.000 0.002
0.032 0.000 0.001
0.043 0.000 0.000
0.039 0.000 0.000
0.067 0.000 0.001
0.033 0.000 0.001
0.039 0.000 0.000
0.029 0.000 0.000
0.063 0.000 0.001
0.033 0.000 0.001
0.038 0.000 0.000
0.033 0.000 0.000
0.064 0.000 0.001
0.034 0.000 0.001
0.058 0.000 0.001
0.028 0.000 0.000
0.076 0.000 0.001
0.036 0.000 0.001
0.060 0.000 0.001
0.028 0.000 0.000
0.083 0.000 0.001
0.033 0.000 0.001
0.049 0.000 0.001
0.034 0.000 0.000
0.078 0.000 0.001
0.034 0.000 0.001
0.049 0.000 0.000
0.028 0.000 0.000
0.076 0.000 0.001
0.036 0.000 0.001
0.266 0.000 0.007
0.060 0.000 0.001
0.159 0.000 0.005
0.045 0.000 0.001
0.047 0.000 0.001
0.035 0.000 0.000
0.151 0.000 0.003
0.262 0.000 0.007
0.311 0.000 0.010
0.116 0.000 0.003
0.073 0.000 0.001
0.036 0.000 0.001
0.015 0.000 0.000
0.035 0.000 0.000
0.063 0.000 0.001
0.034 0.000 0.001
0.053 0.000 0.000
0.023 0.000 0.000
0.082 0.000 0.001
0.044 0.000 0.002
0.034 0.000 0.000
0.033 0.000 0.000
0.078 0.000 0.001
0.032 0.000 0.001
0.034 0.000 0.000
0.027 0.000 0.000
0.076 0.000 0.001
0.033 0.000 0.001
0.048 0.000 0.000
0.027 0.000 0.000
0.083 0.000 0.001
0.034 0.000 0.001
0.035 0.000 0.000
0.034 0.000 0.000
0.079 0.000 0.002
0.032 0.000 0.001
0.034 0.000 0.000
0.066 0.000 0.003
0.118 0.000 0.006
0.121 0.000 0.005
0.096 0.000 0.003
0.103 0.000 0.003
0.088 0.000 0.002
0.121 0.000 0.004
0.081 0.000 0.003
0.156 0.000 0.006
0.115 0.000 0.004
0.279 0.000 0.014
0.085 0.000 0.002
0.036 0.000 0.001
0.070 0.000 0.001
0.034 0.000 0.000
0.099 0.000 0.002
0.034 0.000 0.001
0.040 0.000 0.000
0.041 0.000 0.000
0.094 0.000 0.002
0.035 0.000 0.001
0.042 0.000 0.000
0.036 0.000 0.000
0.091 0.000 0.002
0.035 0.000 0.001
0.054 0.000 0.001
0.036 0.000 0.000
0.097 0.000 0.002
0.035 0.000 0.001
0.043 0.000 0.000
0.041 0.000 0.000
0.093 0.000 0.002
0.035 0.000 0.001
0.042 0.000 0.000
0.036 0.000 0.000
0.091 0.000 0.002
0.035 0.000 0.001
0.054 0.000 0.001
0.036 0.000 0.000
0.097 0.000 0.002
0.035 0.000 0.001
0.043 0.000 0.000
0.041 0.000 0.000
0.093 0.000 0.002
0.035 0.000 0.001
0.042 0.000 0.000
0.036 0.000 0.000
0.091 0.000 0.002
0.035 0.000 0.001
0.054 0.000 0.001
0.036 0.000 0.000
0.097 0.000 0.002
0.035 0.000 0.001
0.043 0.000 0.000
0.041 0.000 0.000
0.093 0.000 0.002
0.035 0.000 0.001
0.042 0.000 0.000
0.036 0.000 0.000
0.091 0.000 0.002
0.035 0.000 0.001
0.054 0.000 0.001
0.036 0.000 0.000
0.097 0.000 0.002
0.036 0.000 0.001
0.043 0.000 0.000
0.041 0.000 0.000
0.093 0.000 0.002
0.036 0.000 0.001
0.042 0.000 0.000
0.036 0.000 0.000
0.091 0.000 0.002
0.036 0.000 0.001
0.054 0.000 0.001
0.036 0.000 0.000
0.097 0.000 0.002
0.036 0.000 0.001
0.043 0.000 0.000
0.041 0.000 0.000
0.114 0.000 0.005
0.072 0.000 0.003
0.093 0.000 0.002
0.135 0.000 0.005
0.086 0.000 0.003
0.109 0.000 0.002
0.110 0.000 0.003
0.082 0.000 0.002
0.123 0.000 0.004
0.081 0.000 0.002
0.139 0.000 0.004
0.133 0.000 0.005
0.319 0.000 0.016
0.100 0.000 0.002
0.049 0.000 0.001
0.044 0.000 0.001
0.039 0.000 0.000
0.096 0.000 0.002
0.038 0.000 0.001
0.063 0.000 0.001
0.037 0.000 0.000
0.107 0.000 0.002
0.038 0.000 0.001
0.043 0.000 0.001
0.042 0.000 0.000
0.097 0.000 0.002
0.038 0.000 0.001
0.043 0.000 0.000
0.037 0.000 0.000
0.096 0.000 0.002
0.038 0.000 0.001
0.055 0.000 0.001
0.037 0.000 0.000
0.102 0.000 0.002
0.038 0.000 0.001
0.043 0.000 0.001
0.042 0.000 0.000
0.097 0.000 0.002
0.038 0.000 0.001
0.043 0.000 0.000
0.037 0.000 0.000
0.096 0.000 0.002
0.038 0.000 0.001
0.055 0.000 0.001
0.037 0.000 0.000
0.102 0.000 0.002
0.038 0.000 0.001
0.043 0.000 0.001
0.042 0.000 0.000
0.097 0.000 0.002
0.038 0.000 0.001
0.043 0.000 0.000
0.037 0.000 0.000
0.096 0.000 0.002
0.038 0.000 0.001
0.055 0.000 0.001
0.037 0.000 0.000
0.102 0.000 0.002
0.038 0.000 0.001
0.043 0.000 0.001
0.042 0.000 0.000
0.098 0.000 0.002
0.038 0.000 0.001
0.043 0.000 0.000
0.037 0.000 0.000
0.096 0.000 0.002
0.038 0.000 0.001
0.055 0.000 0.001
0.037 0.000 0.000
0.102 0.000 0.002
0.038 0.000 0.001
0.043 0.000 0.001
0.042 0.000 0.000
0.097 0.000 0.002
0.039 0.000 0.001
0.043 0.000 0.000
0.037 0.000 0.000
0.096 0.000 0.002
0.041 0.000 0.001
0.055 0.000 0.001
0.037 0.000 0.000
0.104 0.000 0.003
0.036 0.000 0.001
0.042 0.000 0.000
0.117 0.000 0.005
0.882 0.000 0.255
0.056 0.000 0.001
0.230 0.000 0.009
0.112 0.000 0.004
0.092 0.000 0.002
0.039 0.000 0.001
0.110 0.000 0.003
0.470 0.000 0.112
0.059 0.000 0.001
0.018 0.000 0.000
0.021 0.000 0.000
0.012 0.000 0.000
0.009 0.000 0.000
0.000 0.000 0.000
0.000 0.000 0.000
0.007 0.000 0.000
0.009 0.000 0.000
0.000 0.000 0.000
0.000 0.000 0.000
0.004 0.000 0.000
0.165 0.000 0.003
0.173 0.000 0.005
0.256 0.000 0.009
0.008 0.000 0.000
0.009 0.000 0.000
0.000 0.000 0.000
0.000 0.000 0.000
0.004 0.000 0.000
0.009 0.000 0.000
0.000 0.000 0.000
0.000 0.000 0.000
0.000 0.000 0.000
0.009 0.000 0.000
0.000 0.000 0.000
0.000 0.000 0.000
0.004 0.000 0.000
0.009 0.000 0.000
0.000 0.000 0.000
0.000 0.000 0.000
0.000 0.000 0.000
0.012 0.000 0.000
0.006 0.000 0.000
0.013 0.000 0.000
0.046 0.000 0.001
0.143 0.000 0.007
0.197 0.000 0.005
0.185 0.000 0.006
0.125 0.000 0.004
0.012 0.000 0.000
0.000 0.000 0.000
0.000 0.000 0.000
0.010 0.000 0.000
0.006 0.000 0.000
0.000 0.000 0.000
0.000 0.000 0.000
0.009 0.000 0.000
0.015 0.000 0.000
0.000 0.000 0.000
0.003 0.000 0.000
0.007 0.000 0.000
0.007 0.000 0.000
0.000 0.000 0.000
0.000 0.000 0.000
0.007 0.000 0.000
0.017 0.000 0.000
0.022 0.000 0.000
0.171 0.000 0.004
0.154 0.000 0.004
0.353 0.000 0.045
0.060 0.000 0.001
3.637 0.000 2.914
0.054 0.000 0.001
0.065 0.000 0.001
2.867 0.000 2.028
0.187 0.000 0.004
0.018 0.000 0.000
0.028 0.000 0.001
0.018 0.000 0.000
0.040 0.000 0.002
0.002 0.000 0.000
0.010 0.000 0.000
0.028 0.000 0.001
0.044 0.000 0.002
0.018 0.000 0.000
0.021 0.000 0.000
0.023 0.000 0.000
0.026 0.000 0.000
0.011 0.000 0.000
0.017 0.000 0.000
0.019 0.000 0.000
0.535 0.000 0.083
0.102 0.000 0.003
0.133 0.000 0.004
0.151 0.000 0.005
0.217 0.000 0.009
0.146 0.000 0.004
0.164 0.000 0.005
0.142 0.000 0.004
0.174 0.000 0.009
0.161 0.000 0.004
0.160 0.000 0.004
0.143 0.000 0.004
0.131 0.000 0.004
0.245 0.000 0.008
1.073 0.000 0.147
0.306 0.000 0.024
0.031 0.000 0.001
0.030 0.000 0.000
0.018 0.000 0.000
0.032 0.000 0.000
0.026 0.000 0.001
0.014 0.000 0.000
0.031 0.000 0.000
0.014 0.000 0.000
1.441 0.000 0.835
0.044 0.000 0.001
0.080 0.000 0.002
0.060 0.000 0.002
0.175 0.000 0.007
0.038 0.000 0.001
0.076 0.000 0.002
0.040 0.000 0.001
0.047 0.000 0.002
0.017 0.000 0.000
0.026 0.000 0.001
0.033 0.000 0.001
0.034 0.000 0.001
0.026 0.000 0.001
0.032 0.000 0.000
0.110 0.000 0.002
0.095 0.000 0.002
0.199 0.000 0.005
0.204 0.000 0.005
0.028 0.000 0.001
0.182 0.000 0.005
0.130 0.000 0.003
0.247 0.000 0.006
0.021 0.000 0.000
0.164 0.000 0.005
0.154 0.000 0.004
0.160 0.000 0.004
0.147 0.000 0.004
0.110 0.000 0.003
0.098 0.000 0.002
0.143 0.000 0.003
0.040 0.000 0.001
0.035 0.000 0.001
0.032 0.000 0.001
0.064 0.000 0.001
0.026 0.000 0.001
0.034 0.000 0.001
0.015 0.000 0.000
0.015 0.000 0.000
0.024 0.000 0.001
0.043 0.000 0.002
0.018 0.000 0.000
0.027 0.000 0.001
0.026 0.000 0.001
0.070 0.000 0.001
0.036 0.000 0.001
0.153 0.000 0.004
0.163 0.000 0.004
0.157 0.000 0.004
0.176 0.000 0.006
0.149 0.000 0.004
0.230 0.000 0.006
0.030 0.000 0.000
0.117 0.000 0.003
0.136 0.000 0.003
0.176 0.000 0.006
0.158 0.000 0.004
0.164 0.000 0.005
0.153 0.000 0.004
0.243 0.000 0.008
2.042 0.000 1.616
0.045 0.000 0.001
0.205 0.000 0.009
0.154 0.000 0.006
0.109 0.000 0.003
0.041 0.000 0.001
0.135 0.000 0.005
0.052 0.000 0.002
0.070 0.000 0.001
0.054 0.000 0.001
0.116 0.000 0.003
0.113 0.000 0.004
0.058 0.000 0.001
0.035 0.000 0.001
0.114 0.000 0.003
0.051 0.000 0.002
0.041 0.000 0.001
0.043 0.000 0.001
0.202 0.000 0.007
0.168 0.000 0.005
0.189 0.000 0.006
0.196 0.000 0.007
0.216 0.000 0.006
0.081 0.000 0.002
3.927 0.000 3.063
3.722 0.000 1.966
1.530 0.000 0.315
0.043 0.000 0.000
0.055 0.000 0.001
0.070 0.000 0.001
0.074 0.000 0.002
0.326 0.000 0.047
0.031 0.000 0.001
0.084 0.000 0.002
0.043 0.000 0.001
0.055 0.000 0.001
0.042 0.000 0.001
0.077 0.000 0.001
0.039 0.000 0.001
0.066 0.000 0.001
0.035 0.000 0.000
0.083 0.000 0.002
0.031 0.000 0.001
0.064 0.000 0.001
0.049 0.000 0.001
0.092 0.000 0.002
0.038 0.000 0.001
0.035 0.000 0.000
0.044 0.000 0.000
0.084 0.000 0.002
0.030 0.000 0.000
0.048 0.000 0.001
0.792 0.000 0.092
0.097 0.000 0.002
0.474 0.000 0.099
0.339 0.000 0.014
0.022 0.000 0.000
0.068 0.000 0.001
0.036 0.000 0.001
0.033 0.000 0.000
0.039 0.000 0.000
0.055 0.000 0.001
0.036 0.000 0.001
0.066 0.000 0.001
0.024 0.000 0.000
0.078 0.000 0.001
0.030 0.000 0.000
0.064 0.000 0.001
0.049 0.000 0.001
0.089 0.000 0.002
0.038 0.000 0.001
0.036 0.000 0.000
0.047 0.000 0.000
0.081 0.000 0.001
0.031 0.000 0.001
0.059 0.000 0.001
0.050 0.000 0.001
0.087 0.000 0.002
0.037 0.000 0.001
0.064 0.000 0.001
0.049 0.000 0.001
0.088 0.000 0.002
0.000 0.000 0.000
0.446 0.000 0.093
0.061 0.000 0.001
0.017 0.000 0.000
0.022 0.000 0.000
0.013 0.000 0.000
0.000 0.000 0.000
0.000 0.000 0.000
0.000 0.000 0.000
0.000 0.000 0.000
0.000 0.000 0.000
0.000 0.000 0.000
0.000 0.000 0.000
0.005 0.000 0.000
0.000 0.000 0.000
0.000 0.000 0.000
0.000 0.000 0.000
0.000 0.000 0.000
0.006 0.000 0.000
0.000 0.000 0.000
0.000 0.000 0.000
0.005 0.000 0.000
0.000 0.000 0.000
0.005 0.000 0.000
0.078 0.000 0.005
0.059 0.000 0.002
0.065 0.000 0.002
0.076 0.000 0.001
0.112 0.000 0.002
0.089 0.000 0.001
0.010 0.000 0.000
0.086 0.000 0.004
0.033 0.000 0.000
0.087 0.000 0.003
0.115 0.000 0.002
0.089 0.000 0.002
0.073 0.000 0.001
0.088 0.000 0.003
0.099 0.000 0.003
0.082 0.000 0.003
0.115 0.000 0.002
0.024 0.000 0.000
0.316 0.000 0.015
0.021 0.000 0.000
0.010 0.000 0.000
0.010 0.000 0.000
0.012 0.000 0.000
0.014 0.000 0.000
0.037 0.000 0.000
0.012 0.000 0.000
0.037 0.000 0.000
0.009 0.000 0.000
0.008 0.000 0.000
0.032 0.000 0.000
0.011 0.000 0.000
0.007 0.000 0.000
0.009 0.000 0.000
0.023 0.000 0.000
0.010 0.000 0.000
0.009 0.000 0.000
0.024 0.000 0.000
0.023 0.000 0.000
0.024 0.000 0.000
0.007 0.000 0.000
0.012 0.000 0.000
0.032 0.000 0.000
0.012 0.000 0.000
0.007 0.000 0.000
0.009 0.000 0.000
0.023 0.000 0.000
0.009 0.000 0.000
0.009 0.000 0.000
0.024 0.000 0.000
0.023 0.000 0.000
0.024 0.000 0.000
0.007 0.000 0.000
0.012 0.000 0.000
0.032 0.000 0.000
0.011 0.000 0.000
0.007 0.000 0.000
0.009 0.000 0.000
0.023 0.000 0.000
0.010 0.000 0.000
0.009 0.000 0.000
0.024 0.000 0.000
0.023 0.000 0.000
0.024 0.000 0.000
0.007 0.000 0.000
0.012 0.000 0.000
0.032 0.000 0.000
0.012 0.000 0.000
0.007 0.000 0.000
0.009 0.000 0.000
0.023 0.000 0.000
0.009 0.000 0.000
0.009 0.000 0.000
0.024 0.000 0.000
0.023 0.000 0.000
0.024 0.000 0.000
0.007 0.000 0.000
0.012 0.000 0.000
0.032 0.000 0.000
0.011 0.000 0.000
0.007 0.000 0.000
0.009 0.000 0.000
0.023 0.000 0.000
0.010 0.000 0.000
0.009 0.000 0.000
0.024 0.000 0.000
0.023 0.000 0.000
0.024 0.000 0.000
0.007 0.000 0.000
0.012 0.000 0.000
0.032 0.000 0.000
0.012 0.000 0.000
0.007 0.000 0.000
0.009 0.000 0.000
0.023 0.000 0.000
0.009 0.000 0.000
0.009 0.000 0.000
0.024 0.000 0.000
0.023 0.000 0.000
0.024 0.000 0.000
0.007 0.000 0.000
0.012 0.000 0.000
0.032 0.000 0.000
0.011 0.000 0.000
0.007 0.000 0.000
0.009 0.000 0.000
0.023 0.000 0.000
0.010 0.000 0.000
0.009 0.000 0.000
0.024 0.000 0.000
0.023 0.000 0.000
0.024 0.000 0.000
0.007 0.000 0.000
0.012 0.000 0.000
0.032 0.000 0.000
0.012 0.000 0.000
0.007 0.000 0.000
0.009 0.000 0.000
0.023 0.000 0.000
0.009 0.000 0.000
0.009 0.000 0.000
0.024 0.000 0.000
0.023 0.000 0.000
0.024 0.000 0.000
0.007 0.000 0.000
0.012 0.000 0.000
0.032 0.000 0.000
0.011 0.000 0.000
0.007 0.000 0.000
0.009 0.000 0.000
0.023 0.000 0.000
0.010 0.000 0.000
0.009 0.000 0.000
0.024 0.000 0.000
0.023 0.000 0.000
0.024 0.000 0.000
0.007 0.000 0.000
0.012 0.000 0.000
0.032 0.000 0.000
0.012 0.000 0.000
0.007 0.000 0.000
0.009 0.000 0.000
0.023 0.000 0.000
0.009 0.000 0.000
0.009 0.000 0.000
0.024 0.000 0.000
0.023 0.000 0.000
0.024 0.000 0.000
0.007 0.000 0.000
0.012 0.000 0.000
0.032 0.000 0.000
0.011 0.000 0.000
0.007 0.000 0.000
0.009 0.000 0.000
0.023 0.000 0.000
0.010 0.000 0.000
0.009 0.000 0.000
0.024 0.000 0.000
0.023 0.000 0.000
0.024 0.000 0.000
0.007 0.000 0.000
0.012 0.000 0.000
0.032 0.000 0.000
0.012 0.000 0.000
0.007 0.000 0.000
0.009 0.000 0.000
0.023 0.000 0.000
0.009 0.000 0.000
0.009 0.000 0.000
0.024 0.000 0.000
0.023 0.000 0.000
0.024 0.000 0.000
0.007 0.000 0.000
0.012 0.000 0.000
0.032 0.000 0.000
0.011 0.000 0.000
0.007 0.000 0.000
0.009 0.000 0.000
0.023 0.000 0.000
0.010 0.000 0.000
0.009 0.000 0.000
0.024 0.000 0.000
0.023 0.000 0.000
0.024 0.000 0.000
0.007 0.000 0.000
0.012 0.000 0.000
0.032 0.000 0.000
0.012 0.000 0.000
0.007 0.000 0.000
0.009 0.000 0.000
0.023 0.000 0.000
0.009 0.000 0.000
0.009 0.000 0.000
0.024 0.000 0.000
0.023 0.000 0.000
0.024 0.000 0.000
0.007 0.000 0.000
0.012 0.000 0.000
0.032 0.000 0.000
0.011 0.000 0.000
0.007 0.000 0.000
0.009 0.000 0.000
0.023 0.000 0.000
0.010 0.000 0.000
0.009 0.000 0.000
0.024 0.000 0.000
0.023 0.000 0.000
0.024 0.000 0.000
0.007 0.000 0.000
0.012 0.000 0.000
0.032 0.000 0.000
0.012 0.000 0.000
0.007 0.000 0.000
0.009 0.000 0.000
0.023 0.000 0.000
0.009 0.000 0.000
0.009 0.000 0.000
0.024 0.000 0.000
0.023 0.000 0.000
0.025 0.000 0.000
0.007 0.000 0.000
0.012 0.000 0.000
0.032 0.000 0.000
0.011 0.000 0.000
0.009 0.000 0.000
0.009 0.000 0.000
0.023 0.000 0.000
0.011 0.000 0.000
0.286 0.000 0.041
0.486 0.000 0.095
0.318 0.000 0.012
0.026 0.000 0.000
0.107 0.000 0.003
0.015 0.000 0.000
0.002 0.000 0.000
0.002 0.000 0.000
0.006 0.000 0.000
0.000 0.000 0.000
0.000 0.000 0.000
0.000 0.000 0.000
0.014 0.000 0.000
0.000 0.000 0.000
0.000 0.000 0.000
0.000 0.000 0.000
0.000 0.000 0.000
0.000 0.000 0.000
0.000 0.000 0.000
0.000 0.000 0.000
0.004 0.000 0.000
0.000 0.000 0.000
0.000 0.000 0.000
0.000 0.000 0.000
0.000 0.000 0.000
0.310 0.000 0.012
0.317 0.000 0.040
0.316 0.000 0.035
0.212 0.000 0.025
0.217 0.000 0.025
0.205 0.000 0.017
0.177 0.000 0.016
0.179 0.000 0.016
0.173 0.000 0.016
0.168 0.000 0.014
0.193 0.000 0.021
0.003 0.000 0.000
0.190 0.000 0.020
0.185 0.000 0.018
0.213 0.000 0.022
0.189 0.000 0.017
0.186 0.000 0.017
0.245 0.000 0.032
0.189 0.000 0.016
0.178 0.000 0.017
0.205 0.000 0.020
0.194 0.000 0.020
0.199 0.000 0.021
0.189 0.000 0.020
0.228 0.000 0.029
0.007 0.000 0.000
0.217 0.000 0.029
0.224 0.000 0.030
0.010 0.000 0.000
0.173 0.000 0.016
0.181 0.000 0.018
0.202 0.000 0.024
0.197 0.000 0.023
0.226 0.000 0.024
0.269 0.000 0.033
0.279 0.000 0.047
0.184 0.000 0.010
0.017 0.000 0.000
0.002 0.000 0.000
0.001 0.000 0.000
0.007 0.000 0.000
0.006 0.000 0.000
0.002 0.000 0.000
0.000 0.000 0.000
0.004 0.000 0.000
0.006 0.000 0.000
0.002 0.000 0.000
0.000 0.000 0.000
0.000 0.000 0.000
0.006 0.000 0.000
0.002 0.000 0.000
0.000 0.000 0.000
0.004 0.000 0.000
0.006 0.000 0.000
0.002 0.000 0.000
0.000 0.000 0.000
0.000 0.000 0.000
0.006 0.000 0.000
0.002 0.000 0.000
0.000 0.000 0.000
0.004 0.000 0.000
0.006 0.000 0.000
0.002 0.000 0.000
0.000 0.000 0.000
0.000 0.000 0.000
0.015 0.000 0.000
0.037 0.000 0.000
0.352 0.000 0.075
0.253 0.000 0.030
0.254 0.000 0.035
0.274 0.000 0.034
0.197 0.000 0.018
0.015 0.000 0.000
0.014 0.000 0.000
0.010 0.000 0.000
0.005 0.000 0.000
0.010 0.000 0.000
0.014 0.000 0.000
0.007 0.000 0.000
0.006 0.000 0.000
0.003 0.000 0.000
0.014 0.000 0.000
0.007 0.000 0.000
0.016 0.000 0.000
0.017 0.000 0.000
0.010 0.000 0.000
0.008 0.000 0.000
0.005 0.000 0.000
0.008 0.000 0.000
0.012 0.000 0.000
0.375 0.000 0.089
0.301 0.000 0.055
0.210 0.000 0.021
0.308 0.000 0.041
0.005 0.000 0.000
0.238 0.000 0.016
0.010 0.000 0.000
0.008 0.000 0.000
0.008 0.000 0.000
0.004 0.000 0.000
0.012 0.000 0.000
0.009 0.000 0.000
0.020 0.000 0.000
0.005 0.000 0.000
0.020 0.000 0.000
0.008 0.000 0.000
0.008 0.000 0.000
0.016 0.000 0.000
0.018 0.000 0.000
0.008 0.000 0.000
0.008 0.000 0.000
0.004 0.000 0.000
0.008 0.000 0.000
0.009 0.000 0.000
0.020 0.000 0.000
0.005 0.000 0.000
0.020 0.000 0.000
0.008 0.000 0.000
0.008 0.000 0.000
0.016 0.000 0.000
0.017 0.000 0.000
0.008 0.000 0.000
0.008 0.000 0.000
0.004 0.000 0.000
0.009 0.000 0.000
0.009 0.000 0.000
0.020 0.000 0.000
0.005 0.000 0.000
0.020 0.000 0.000
0.008 0.000 0.000
0.008 0.000 0.000
0.016 0.000 0.000
0.018 0.000 0.000
0.008 0.000 0.000
0.008 0.000 0.000
0.004 0.000 0.000
0.008 0.000 0.000
1.092 0.000 0.645
0.199 0.000 0.004
0.145 0.000 0.004
0.170 0.000 0.005
0.135 0.000 0.004
0.024 0.000 0.000
0.012 0.000 0.000
0.018 0.000 0.000
0.020 0.000 0.000
0.010 0.000 0.000
0.008 0.000 0.000
0.004 0.000 0.000
0.009 0.000 0.000
0.011 0.000 0.000
0.020 0.000 0.000
0.005 0.000 0.000
0.021 0.000 0.000
0.015 0.000 0.000
0.008 0.000 0.000
0.016 0.000 0.000
0.018 0.000 0.000
0.015 0.000 0.000
0.008 0.000 0.000
0.004 0.000 0.000
0.011 0.000 0.000
0.017 0.000 0.000
0.020 0.000 0.000
0.005 0.000 0.000
0.023 0.000 0.000
0.018 0.000 0.000
0.008 0.000 0.000
0.016 0.000 0.000
0.020 0.000 0.000
0.019 0.000 0.000
0.008 0.000 0.000
0.004 0.000 0.000
0.012 0.000 0.000
0.019 0.000 0.000
0.025 0.000 0.000
0.219 0.000 0.007
3.100 0.000 4.546
0.205 0.000 0.007
0.107 0.000 0.003
0.040 0.000 0.001
0.007 0.000 0.000
0.012 0.000 0.000
0.018 0.000 0.000
0.012 0.000 0.000
0.006 0.000 0.000
0.008 0.000 0.000
0.008 0.000 0.000
0.012 0.000 0.000
0.006 0.000 0.000
0.008 0.000 0.000
0.006 0.000 0.000
0.012 0.000 0.000
0.006 0.000 0.000
0.008 0.000 0.000
0.008 0.000 0.000
0.012 0.000 0.000
0.006 0.000 0.000
0.008 0.000 0.000
0.006 0.000 0.000
0.012 0.000 0.000
0.006 0.000 0.000
0.008 0.000 0.000
0.008 0.000 0.000
0.012 0.000 0.000
0.006 0.000 0.000
0.008 0.000 0.000
0.006 0.000 0.000
0.012 0.000 0.000
0.006 0.000 0.000
0.008 0.000 0.000
0.008 0.000 0.000
0.012 0.000 0.000
0.006 0.000 0.000
0.008 0.000 0.000
0.006 0.000 0.000
0.012 0.000 0.000
0.006 0.000 0.000
0.008 0.000 0.000
0.008 0.000 0.000
0.012 0.000 0.000
0.006 0.000 0.000
0.008 0.000 0.000
0.006 0.000 0.000
0.000 0.000 0.000
0.292 0.000 0.053
0.037 0.000 0.000
0.012 0.000 0.000
0.017 0.000 0.000
0.015 0.000 0.000
0.000 0.000 0.000
0.000 0.000 0.000
0.000 0.000 0.000
0.007 0.000 0.000
0.000 0.000 0.000
0.000 0.000 0.000
0.000 0.000 0.000
0.004 0.000 0.000
0.000 0.000 0.000
0.000 0.000 0.000
0.000 0.000 0.000
0.000 0.000 0.000
0.000 0.000 0.000
0.000 0.000 0.000
0.000 0.000 0.000
0.004 0.000 0.000
0.000 0.000 0.000
0.000 0.000 0.000
0.000 0.000 0.000
0.000 0.000 0.000
0.000 0.000 0.000
0.000 0.000 0.000
0.000 0.000 0.000
0.004 0.000 0.000
0.000 0.000 0.000
0.000 0.000 0.000
0.000 0.000 0.000
0.000 0.000 0.000
0.000 0.000 0.000
0.000 0.000 0.000
0.000 0.000 0.000
0.004 0.000 0.000
0.000 0.000 0.000
0.000 0.000 0.000
0.000 0.000 0.000
0.000 0.000 0.000
0.000 0.000 0.000
0.000 0.000 0.000
0.000 0.000 0.000
0.004 0.000 0.000
0.000 0.000 0.000
0.000 0.000 0.000
0.000 0.000 0.000
0.000 0.000 0.000
0.000 0.000 0.000
0.000 0.000 0.000
0.000 0.000 0.000
0.004 0.000 0.000
0.000 0.000 0.000
0.000 0.000 0.000
0.000 0.000 0.000
0.000 0.000 0.000
0.000 0.000 0.000
0.000 0.000 0.000
0.000 0.000 0.000
0.004 0.000 0.000
0.000 0.000 0.000
0.000 0.000 0.000
0.000 0.000 0.000
0.000 0.000 0.000
0.000 0.000 0.000
0.000 0.000 0.000
0.000 0.000 0.000
0.004 0.000 0.000
0.000 0.000 0.000
0.000 0.000 0.000
0.000 0.000 0.000
0.000 0.000 0.000
0.000 0.000 0.000
0.000 0.000 0.000
0.000 0.000 0.000
0.004 0.000 0.000
0.000 0.000 0.000
0.000 0.000 0.000
0.000 0.000 0.000
0.000 0.000 0.000
0.000 0.000 0.000
0.000 0.000 0.000
0.000 0.000 0.000
0.004 0.000 0.000
0.004 0.000 0.000
0.000 0.000 0.000
0.000 0.000 0.000
0.006 0.000 0.000
0.004 0.000 0.000
0.000 0.000 0.000
0.000 0.000 0.000
0.004 0.000 0.000
0.000 0.000 0.000
0.000 0.000 0.000
0.007 0.000 0.000
0.908 0.000 0.237
0.278 0.000 0.010
0.146 0.000 0.005
0.069 0.000 0.003
0.099 0.000 0.002
0.021 0.000 0.000
0.027 0.000 0.001
0.025 0.000 0.001
0.013 0.000 0.000
0.003 0.000 0.000
0.007 0.000 0.000
0.007 0.000 0.000
0.000 0.000 0.000
0.000 0.000 0.000
0.000 0.000 0.000
0.007 0.000 0.000
0.004 0.000 0.000
0.000 0.000 0.000
0.000 0.000 0.000
0.004 0.000 0.000
0.108 0.000 0.003
0.153 0.000 0.003
3.166 0.000 1.519
1.835 0.000 0.391
0.027 0.000 0.001
2.553 0.000 1.504
0.057 0.000 0.002
0.055 0.000 0.002
0.173 0.000 0.008
0.102 0.000 0.006
0.080 0.000 0.002
0.047 0.000 0.002
0.057 0.000 0.003
0.024 0.000 0.001
0.037 0.000 0.001
0.036 0.000 0.001
0.096 0.000 0.003
0.059 0.000 0.001
0.154 0.000 0.004
0.161 0.000 0.004
0.240 0.000 0.007
0.171 0.000 0.003
0.126 0.000 0.003
0.114 0.000 0.003
0.194 0.000 0.006
0.186 0.000 0.008
0.189 0.000 0.005
0.168 0.000 0.004
0.244 0.000 0.008
0.034 0.000 0.000
0.154 0.000 0.004
0.098 0.000 0.003
0.053 0.000 0.001
0.026 0.000 0.000
0.047 0.000 0.001
0.028 0.000 0.000
0.033 0.000 0.001
0.032 0.000 0.001
0.050 0.000 0.002
0.071 0.000 0.001
0.078 0.000 0.004
0.049 0.000 0.001
0.044 0.000 0.002
0.015 0.000 0.000
0.036 0.000 0.001
0.039 0.000 0.001
0.039 0.000 0.001
0.033 0.000 0.001
0.095 0.000 0.002
0.139 0.000 0.003
0.256 0.000 0.009
0.032 0.000 0.000
0.151 0.000 0.004
0.147 0.000 0.004
0.160 0.000 0.004
0.071 0.000 0.001
0.251 0.000 0.011
0.130 0.000 0.004
0.145 0.000 0.005
0.115 0.000 0.003
0.363 0.000 0.044
0.032 0.000 0.000
0.155 0.000 0.005
0.049 0.000 0.001
0.038 0.000 0.001
0.017 0.000 0.000
0.037 0.000 0.001
0.025 0.000 0.001
0.021 0.000 0.000
0.070 0.000 0.001
0.016 0.000 0.000
0.034 0.000 0.001
0.079 0.000 0.003
0.037 0.000 0.001
0.036 0.000 0.001
0.041 0.000 0.001
0.055 0.000 0.002
0.073 0.000 0.002
1.763 0.000 0.337
4.695 0.000 4.571
2.883 0.000 1.011
0.022 0.000 0.000
0.043 0.000 0.001
0.022 0.000 0.000
0.008 0.000 0.000
0.000 0.000 0.000
0.014 0.000 0.000
0.011 0.000 0.000
0.011 0.000 0.000
0.000 0.000 0.000
0.016 0.000 0.000
0.005 0.000 0.000
0.006 0.000 0.000
0.014 0.000 0.000
0.005 0.000 0.000
1.144 0.000 0.228
0.262 0.000 0.007
0.322 0.000 0.011
0.146 0.000 0.004
0.063 0.000 0.001
0.017 0.000 0.000
0.022 0.000 0.000
0.024 0.000 0.000
0.020 0.000 0.000
0.008 0.000 0.000
0.014 0.000 0.000
0.011 0.000 0.000
0.010 0.000 0.000
0.004 0.000 0.000
0.005 0.000 0.000
0.004 0.000 0.000
0.011 0.000 0.000
0.004 0.000 0.000
0.005 0.000 0.000
0.009 0.000 0.000
0.010 0.000 0.000
0.004 0.000 0.000
0.005 0.000 0.000
0.004 0.000 0.000
0.009 0.000 0.000
0.004 0.000 0.000
0.005 0.000 0.000
0.009 0.000 0.000
0.010 0.000 0.000
0.004 0.000 0.000
0.005 0.000 0.000
0.004 0.000 0.000
0.016 0.000 0.000
0.005 0.000 0.000
0.010 0.000 0.000
0.010 0.000 0.000
0.023 0.000 0.000
2.468 0.000 1.442
0.088 0.000 0.003
0.433 0.000 0.089
0.067 0.000 0.002
0.046 0.000 0.001
2.406 0.000 1.422
0.022 0.000 0.000
0.046 0.000 0.002
0.035 0.000 0.001
2.437 0.000 1.465
0.122 0.000 0.010
0.139 0.000 0.015
0.022 0.000 0.000
2.518 0.000 1.492
0.188 0.000 0.009
0.039 0.000 0.001
0.072 0.000 0.004
0.070 0.000 0.004
2.517 0.000 1.500
0.018 0.000 0.000
0.051 0.000 0.001
0.028 0.000 0.001
0.047 0.000 0.002
2.500 0.000 1.485
0.047 0.000 0.002
0.058 0.000 0.003
0.097 0.000 0.006
2.500 0.000 1.479
0.034 0.000 0.001
0.031 0.000 0.001
0.058 0.000 0.002
0.030 0.000 0.001
2.497 0.000 1.471
0.088 0.000 0.004
0.061 0.000 0.002
0.023 0.000 0.000
2.499 0.000 1.465
0.091 0.000 0.003
0.026 0.000 0.000
0.012 0.000 0.000
0.034 0.000 0.000
0.022 0.000 0.000
0.024 0.000 0.000
0.006 0.000 0.000
0.007 0.000 0.000
0.015 0.000 0.000
0.018 0.000 0.000
0.049 0.000 0.000
0.008 0.000 0.000
0.052 0.000 0.001
0.021 0.000 0.000
0.002 0.000 0.000
0.005 0.000 0.000
0.014 0.000 0.000
0.016 0.000 0.000
0.003 0.000 0.000
0.005 0.000 0.000
0.018 0.000 0.000
0.156 0.000 0.013
0.229 0.000 0.015
0.006 0.000 0.000
0.239 0.000 0.017
0.203 0.000 0.014
0.225 0.000 0.015
0.255 0.000 0.017
0.184 0.000 0.014
0.180 0.000 0.013
0.230 0.000 0.016
0.237 0.000 0.016
0.206 0.000 0.015
0.268 0.000 0.017
0.013 0.000 0.000
0.238 0.000 0.016
0.017 0.000 0.000
0.005 0.000 0.000
0.007 0.000 0.000
0.020 0.000 0.000
0.022 0.000 0.000
0.005 0.000 0.000
0.007 0.000 0.000
0.015 0.000 0.000
0.017 0.000 0.000
0.005 0.000 0.000
0.007 0.000 0.000
0.018 0.000 0.000
0.022 0.000 0.000
0.005 0.000 0.000
0.007 0.000 0.000
0.015 0.000 0.000
0.017 0.000 0.000
0.005 0.000 0.000
0.007 0.000 0.000
0.018 0.000 0.000
0.022 0.000 0.000
0.005 0.000 0.000
0.007 0.000 0.000
0.015 0.000 0.000
0.015 0.000 0.000
0.160 0.000 0.014
0.378 0.000 0.060
0.245 0.000 0.008
0.131 0.000 0.004
0.017 0.000 0.000
0.005 0.000 0.000
0.007 0.000 0.000
0.020 0.000 0.000
0.022 0.000 0.000
0.005 0.000 0.000
0.007 0.000 0.000
0.015 0.000 0.000
0.017 0.000 0.000
0.005 0.000 0.000
0.007 0.000 0.000
0.018 0.000 0.000
0.022 0.000 0.000
0.005 0.000 0.000
0.007 0.000 0.000
0.015 0.000 0.000
0.017 0.000 0.000
0.005 0.000 0.000
0.007 0.000 0.000
0.018 0.000 0.000
0.022 0.000 0.000
0.005 0.000 0.000
0.007 0.000 0.000
0.015 0.000 0.000
0.023 0.000 0.000
0.292 0.000 0.009
0.066 0.000 0.003
0.083 0.000 0.003
0.071 0.000 0.003
0.111 0.000 0.003
0.099 0.000 0.003
0.096 0.000 0.003
0.092 0.000 0.002
0.092 0.000 0.002
0.080 0.000 0.003
0.086 0.000 0.003
0.090 0.000 0.003
0.027 0.000 0.000
0.118 0.000 0.003
0.039 0.000 0.001
0.103 0.000 0.004
0.094 0.000 0.002
0.019 0.000 0.000
0.326 0.000 0.015
0.025 0.000 0.000
0.030 0.000 0.000
0.039 0.000 0.000
0.054 0.000 0.001
0.023 0.000 0.000
0.012 0.000 0.000
0.014 0.000 0.000
0.037 0.000 0.000
0.020 0.000 0.000
0.040 0.000 0.000
0.011 0.000 0.000
0.085 0.000 0.004
0.095 0.000 0.004
0.126 0.000 0.004
0.111 0.000 0.002
0.025 0.000 0.000
0.158 0.000 0.005
0.120 0.000 0.003
0.110 0.000 0.004
0.018 0.000 0.000
0.280 0.000 0.013
0.048 0.000 0.001
0.030 0.000 0.000
0.016 0.000 0.000
0.063 0.000 0.001
0.026 0.000 0.000
0.043 0.000 0.000
0.023 0.000 0.000
0.071 0.000 0.001
0.077 0.000 0.004
0.053 0.000 0.002
0.093 0.000 0.003
0.100 0.000 0.003
0.117 0.000 0.004
0.141 0.000 0.003
0.036 0.000 0.000
0.109 0.000 0.002
0.148 0.000 0.005
0.092 0.000 0.003
0.115 0.000 0.003
0.113 0.000 0.004
0.351 0.000 0.020
0.040 0.000 0.000
0.032 0.000 0.000
0.083 0.000 0.001
0.032 0.000 0.001
0.044 0.000 0.000
0.037 0.000 0.000
0.079 0.000 0.001
0.027 0.000 0.000
0.027 0.000 0.000
0.033 0.000 0.000
0.072 0.000 0.001
0.030 0.000 0.001
0.034 0.000 0.000
0.028 0.000 0.000
0.074 0.000 0.001
0.027 0.000 0.000
0.032 0.000 0.000
0.036 0.000 0.000
0.074 0.000 0.001
0.030 0.000 0.001
0.027 0.000 0.000
0.033 0.000 0.000
0.071 0.000 0.001
0.026 0.000 0.000
0.034 0.000 0.000
0.028 0.000 0.000
0.075 0.000 0.001
0.030 0.000 0.001
0.032 0.000 0.000
0.036 0.000 0.000
0.073 0.000 0.001
0.027 0.000 0.000
0.027 0.000 0.000
0.033 0.000 0.000
0.072 0.000 0.001
0.030 0.000 0.001
0.034 0.000 0.000
0.028 0.000 0.000
0.074 0.000 0.001
0.027 0.000 0.000
0.032 0.000 0.000
0.036 0.000 0.000
0.074 0.000 0.001
0.030 0.000 0.001
0.027 0.000 0.000
0.033 0.000 0.000
0.071 0.000 0.001
0.026 0.000 0.000
0.034 0.000 0.000
0.028 0.000 0.000
0.075 0.000 0.001
0.030 0.000 0.001
0.032 0.000 0.000
0.036 0.000 0.000
0.073 0.000 0.001
0.027 0.000 0.000
0.027 0.000 0.000
0.033 0.000 0.000
0.072 0.000 0.001
0.039 0.000 0.001
0.150 0.000 0.009
0.031 0.000 0.000
0.076 0.000 0.001
0.000 0.000 0.000
0.351 0.000 0.065
0.042 0.000 0.001
0.010 0.000 0.000
0.020 0.000 0.000
0.011 0.000 0.000
0.007 0.000 0.000
0.001 0.000 0.000
0.006 0.000 0.000
0.008 0.000 0.000
0.005 0.000 0.000
0.000 0.000 0.000
0.005 0.000 0.000
0.004 0.000 0.000
0.008 0.000 0.000
0.004 0.000 0.000
0.102 0.000 0.003
0.009 0.000 0.000
0.020 0.000 0.000
0.017 0.000 0.000
0.008 0.000 0.000
0.008 0.000 0.000
0.008 0.000 0.000
0.017 0.000 0.000
0.008 0.000 0.000
0.017 0.000 0.000
0.008 0.000 0.000
0.017 0.000 0.000
0.006 0.000 0.000
0.100 0.000 0.002
0.010 0.000 0.000
0.005 0.000 0.000
0.024 0.000 0.000
0.143 0.000 0.003
0.019 0.000 0.000
0.005 0.000 0.000
0.023 0.000 0.000
0.011 0.000 0.000
0.006 0.000 0.000
0.004 0.000 0.000
0.023 0.000 0.000
0.006 0.000 0.000
0.006 0.000 0.000
0.004 0.000 0.000
0.023 0.000 0.000
0.007 0.000 0.000
0.006 0.000 0.000
0.004 0.000 0.000
0.023 0.000 0.000
0.006 0.000 0.000
0.006 0.000 0.000
0.004 0.000 0.000
0.023 0.000 0.000
0.007 0.000 0.000
0.006 0.000 0.000
0.004 0.000 0.000
0.023 0.000 0.000
0.006 0.000 0.000
0.006 0.000 0.000
0.004 0.000 0.000
0.023 0.000 0.000
0.007 0.000 0.000
0.006 0.000 0.000
0.004 0.000 0.000
0.023 0.000 0.000
0.006 0.000 0.000
0.006 0.000 0.000
0.004 0.000 0.000
0.023 0.000 0.000
0.007 0.000 0.000
0.007 0.000 0.000
0.005 0.000 0.000
0.071 0.000 0.003
0.051 0.000 0.001
0.081 0.000 0.003
0.080 0.000 0.002
0.076 0.000 0.001
0.091 0.000 0.002
0.119 0.000 0.004
0.099 0.000 0.004
0.103 0.000 0.003
0.106 0.000 0.002
0.146 0.000 0.004
0.138 0.000 0.005
0.114 0.000 0.002
0.125 0.000 0.004
0.130 0.000 0.004
0.125 0.000 0.003
0.099 0.000 0.002
0.082 0.000 0.002
0.155 0.000 0.005
0.102 0.000 0.004
0.077 0.000 0.002
0.129 0.000 0.004
0.130 0.000 0.003
0.440 0.000 0.032
0.041 0.000 0.000
0.029 0.000 0.000
0.043 0.000 0.000
0.021 0.000 0.000
0.052 0.000 0.001
0.024 0.000 0.000
0.020 0.000 0.000
0.018 0.000 0.000
0.040 0.000 0.000
0.017 0.000 0.000
0.005 0.000 0.000
0.015 0.000 0.000
0.034 0.000 0.000
0.022 0.000 0.000
0.005 0.000 0.000
0.014 0.000 0.000
0.032 0.000 0.000
0.021 0.000 0.000
0.005 0.000 0.000
0.015 0.000 0.000
0.030 0.000 0.000
0.020 0.000 0.000
0.005 0.000 0.000
0.015 0.000 0.000
0.030 0.000 0.000
0.026 0.000 0.000
0.005 0.000 0.000
0.015 0.000 0.000
0.034 0.000 0.000
0.033 0.000 0.001
0.012 0.000 0.000
0.021 0.000 0.000
2.948 0.000 3.512
0.138 0.000 0.009
0.031 0.000 0.001
0.021 0.000 0.000
3.057 0.000 3.577
0.025 0.000 0.001
0.013 0.000 0.000
0.017 0.000 0.000
3.053 0.000 3.571
0.167 0.000 0.006
0.018 0.000 0.000
0.033 0.000 0.000
0.020 0.000 0.000
3.056 0.000 3.569
0.025 0.000 0.001
0.033 0.000 0.001
0.036 0.000 0.000
3.054 0.000 3.566
0.074 0.000 0.002
0.035 0.000 0.001
0.018 0.000 0.000
0.030 0.000 0.001
0.015 0.000 0.000
0.031 0.000 0.001
0.020 0.000 0.000
0.030 0.000 0.001
0.031 0.000 0.000
0.032 0.000 0.001
0.031 0.000 0.000
0.030 0.000 0.001
0.017 0.000 0.000
0.032 0.000 0.001
0.016 0.000 0.000
0.030 0.000 0.001
0.015 0.000 0.000
0.031 0.000 0.001
0.015 0.000 0.000
0.030 0.000 0.001
0.021 0.000 0.000
0.031 0.000 0.001
0.021 0.000 0.000
0.030 0.000 0.001
0.017 0.000 0.000
0.031 0.000 0.001
0.015 0.000 0.000
0.030 0.000 0.001
0.015 0.000 0.000
0.031 0.000 0.001
0.014 0.000 0.000
0.030 0.000 0.001
0.021 0.000 0.000
0.031 0.000 0.001
0.023 0.000 0.000
0.033 0.000 0.001
0.031 0.000 0.001
0.016 0.000 0.000
0.111 0.000 0.007
3.596 0.000 5.100
0.225 0.000 0.007
0.304 0.000 0.039
0.065 0.000 0.002
0.073 0.000 0.001
0.032 0.000 0.001
0.071 0.000 0.001
0.030 0.000 0.000
0.028 0.000 0.000
0.058 0.000 0.001
0.048 0.000 0.001
0.024 0.000 0.000
0.021 0.000 0.000
0.040 0.000 0.000
0.046 0.000 0.000
0.025 0.000 0.000
0.034 0.000 0.000
0.055 0.000 0.000
0.053 0.000 0.001
0.016 0.000 0.000
0.110 0.000 0.003
3.231 0.000 3.762
0.256 0.000 0.009
0.283 0.000 0.035
0.124 0.000 0.006
0.057 0.000 0.001
0.023 0.000 0.000
0.045 0.000 0.001
0.034 0.000 0.000
0.037 0.000 0.000
0.012 0.000 0.000
0.054 0.000 0.001
0.028 0.000 0.001
0.019 0.000 0.000
0.034 0.000 0.000
0.040 0.000 0.000
0.023 0.000 0.000
0.018 0.000 0.000
0.010 0.000 0.000
0.039 0.000 0.000
0.019 0.000 0.000
0.019 0.000 0.000
0.034 0.000 0.000
0.039 0.000 0.000
0.019 0.000 0.000
0.018 0.000 0.000
0.011 0.000 0.000
0.038 0.000 0.000
0.012 0.000 0.000
0.050 0.000 0.000
0.274 0.000 0.008
3.114 0.000 3.056
0.138 0.000 0.004
0.024 0.000 0.000
0.029 0.000 0.001
0.016 0.000 0.000
0.007 0.000 0.000
0.000 0.000 0.000
0.001 0.000 0.000
0.000 0.000 0.000
0.006 0.000 0.000
0.000 0.000 0.000
0.001 0.000 0.000
0.004 0.000 0.000
0.004 0.000 0.000
0.011 0.000 0.000
3.326 0.000 4.847
0.227 0.000 0.006
0.043 0.000 0.001
0.178 0.000 0.006
0.303 0.000 0.039
0.058 0.000 0.002
0.046 0.000 0.001
0.057 0.000 0.002
0.030 0.000 0.001
0.035 0.000 0.000
0.027 0.000 0.000
0.038 0.000 0.001
0.044 0.000 0.001
0.015 0.000 0.000
0.025 0.000 0.000
0.029 0.000 0.000
0.024 0.000 0.000
0.017 0.000 0.000
0.030 0.000 0.000
0.028 0.000 0.000
0.036 0.000 0.000
0.013 0.000 0.000
0.024 0.000 0.000
0.026 0.000 0.000
0.020 0.000 0.000
0.013 0.000 0.000
0.024 0.000 0.000
0.025 0.000 0.000
4.106 0.000 7.146
0.207 0.000 0.007
0.043 0.000 0.001
0.275 0.000 0.036
0.103 0.000 0.003
0.049 0.000 0.001
0.041 0.000 0.001
0.049 0.000 0.001
0.038 0.000 0.001
0.020 0.000 0.000
0.014 0.000 0.000
0.030 0.000 0.000
0.031 0.000 0.001
0.015 0.000 0.000
0.012 0.000 0.000
0.018 0.000 0.000
0.025 0.000 0.000
0.009 0.000 0.000
0.014 0.000 0.000
0.026 0.000 0.001
0.026 0.000 0.000
0.042 0.000 0.000
0.017 0.000 0.000
0.045 0.000 0.001
0.022 0.000 0.000
0.011 0.000 0.000
0.013 0.000 0.000
0.026 0.000 0.000
0.063 0.000 0.002
3.315 0.000 4.918
0.024 0.000 0.000
0.272 0.000 0.034
0.086 0.000 0.002
0.052 0.000 0.000
0.032 0.000 0.000
0.065 0.000 0.001
0.024 0.000 0.000
0.034 0.000 0.000
0.026 0.000 0.000
0.057 0.000 0.001
0.024 0.000 0.000
0.010 0.000 0.000
0.023 0.000 0.000
0.053 0.000 0.001
0.022 0.000 0.000
0.016 0.000 0.000
0.023 0.000 0.000
0.060 0.000 0.001
0.022 0.000 0.000
0.009 0.000 0.000
0.023 0.000 0.000
0.054 0.000 0.001
0.022 0.000 0.000
0.009 0.000 0.000
0.022 0.000 0.000
0.055 0.000 0.001
0.020 0.000 0.000
0.018 0.000 0.000
0.023 0.000 0.000
0.055 0.000 0.001
0.022 0.000 0.000
0.009 0.000 0.000
0.023 0.000 0.000
0.053 0.000 0.001
0.019 0.000 0.000
0.009 0.000 0.000
0.022 0.000 0.000
0.053 0.000 0.001
0.021 0.000 0.000
0.016 0.000 0.000
0.023 0.000 0.000
0.055 0.000 0.001
0.019 0.000 0.000
0.009 0.000 0.000
0.023 0.000 0.000
0.054 0.000 0.001
0.020 0.000 0.000
0.054 0.000 0.001
0.292 0.000 0.009
3.047 0.000 3.586
0.252 0.000 0.008
0.279 0.000 0.035
0.074 0.000 0.002
0.023 0.000 0.000
0.030 0.000 0.001
0.031 0.000 0.001
0.031 0.000 0.001
0.030 0.000 0.000
0.017 0.000 0.000
0.035 0.000 0.001
0.027 0.000 0.000
0.014 0.000 0.000
0.018 0.000 0.000
0.034 0.000 0.001
0.023 0.000 0.000
0.006 0.000 0.000
0.009 0.000 0.000
0.031 0.000 0.000
0.021 0.000 0.000
0.006 0.000 0.000
0.009 0.000 0.000
0.030 0.000 0.000
0.046 0.000 0.001
0.023 0.000 0.000
0.024 0.000 0.000
2.911 0.000 3.496
0.135 0.000 0.008
0.013 0.000 0.000
2.851 0.000 3.443
0.057 0.000 0.002
0.154 0.000 0.009
0.036 0.000 0.001
2.869 0.000 3.454
0.109 0.000 0.006
0.124 0.000 0.006
0.026 0.000 0.000
2.959 0.000 3.520
0.135 0.000 0.009
0.035 0.000 0.001
0.102 0.000 0.005
2.957 0.000 3.519
0.123 0.000 0.006
0.012 0.000 0.000
0.028 0.000 0.000
0.044 0.000 0.001
0.126 0.000 0.006
0.015 0.000 0.000
0.018 0.000 0.000
3.194 0.000 4.420
3.111 0.000 4.154
3.298 0.000 4.497
0.044 0.000 0.002
3.336 0.000 4.637
3.308 0.000 4.290
0.044 0.000 0.002
3.422 0.000 4.700
3.335 0.000 4.164
0.051 0.000 0.001
3.219 0.000 3.896
0.040 0.000 0.001
2.935 0.000 2.665
2.976 0.000 2.876
0.015 0.000 0.000
0.026 0.000 0.000
0.043 0.000 0.002
0.042 0.000 0.001
0.011 0.000 0.000
0.007 0.000 0.000
0.013 0.000 0.000
0.015 0.000 0.000
0.004 0.000 0.000
0.009 0.000 0.000
0.014 0.000 0.000
0.015 0.000 0.000
0.007 0.000 0.000
0.006 0.000 0.000
0.013 0.000 0.000
0.015 0.000 0.000
0.004 0.000 0.000
0.009 0.000 0.000
0.014 0.000 0.000
0.025 0.000 0.001
0.007 0.000 0.000
0.006 0.000 0.000
0.013 0.000 0.000
0.015 0.000 0.000
0.004 0.000 0.000
0.009 0.000 0.000
0.012 0.000 0.000
0.015 0.000 0.000
0.007 0.000 0.000
0.011 0.000 0.000
0.263 0.000 0.007
0.054 0.000 0.001
0.069 0.000 0.002
0.080 0.000 0.003
0.127 0.000 0.004
0.128 0.000 0.005
0.013 0.000 0.000
0.103 0.000 0.004
0.104 0.000 0.004
0.091 0.000 0.003
0.113 0.000 0.004
0.190 0.000 0.005
0.019 0.000 0.000
0.103 0.000 0.003
0.118 0.000 0.004
0.430 0.000 0.027
0.022 0.000 0.000
0.012 0.000 0.000
0.017 0.000 0.000
0.047 0.000 0.002
0.010 0.000 0.000
0.018 0.000 0.000
0.023 0.000 0.000
0.036 0.000 0.001
0.014 0.000 0.000
0.011 0.000 0.000
0.023 0.000 0.000
0.027 0.000 0.000
0.010 0.000 0.000
0.015 0.000 0.000
0.020 0.000 0.000
0.026 0.000 0.000
0.013 0.000 0.000
0.011 0.000 0.000
0.023 0.000 0.000
0.379 0.000 0.074
0.035 0.000 0.000
0.009 0.000 0.000
0.015 0.000 0.000
0.009 0.000 0.000
0.000 0.000 0.000
0.000 0.000 0.000
0.000 0.000 0.000
0.007 0.000 0.000
0.004 0.000 0.000
0.000 0.000 0.000
0.000 0.000 0.000
0.007 0.000 0.000
0.000 0.000 0.000
0.000 0.000 0.000
0.000 0.000 0.000
0.007 0.000 0.000
0.000 0.000 0.000
0.000 0.000 0.000
0.000 0.000 0.000
0.004 0.000 0.000
0.000 0.000 0.000
0.000 0.000 0.000
0.000 0.000 0.000
0.008 0.000 0.000
0.068 0.000 0.003
0.073 0.000 0.003
0.016 0.000 0.000
0.069 0.000 0.001
0.098 0.000 0.002
0.072 0.000 0.001
0.123 0.000 0.004
0.113 0.000 0.002
0.025 0.000 0.000
0.130 0.000 0.003
0.085 0.000 0.004
0.123 0.000 0.005
0.073 0.000 0.001
0.099 0.000 0.002
0.107 0.000 0.004
0.108 0.000 0.004
0.368 0.000 0.022
0.044 0.000 0.001
0.024 0.000 0.000
0.016 0.000 0.000
0.035 0.000 0.000
0.019 0.000 0.000
0.030 0.000 0.000
0.010 0.000 0.000
0.047 0.000 0.001
0.020 0.000 0.000
0.009 0.000 0.000
0.008 0.000 0.000
0.041 0.000 0.000
0.013 0.000 0.000
0.009 0.000 0.000
0.008 0.000 0.000
0.044 0.000 0.001
0.019 0.000 0.000
0.009 0.000 0.000
0.008 0.000 0.000
0.041 0.000 0.000
0.014 0.000 0.000
0.068 0.000 0.003
0.068 0.000 0.002
0.101 0.000 0.003
0.096 0.000 0.004
0.021 0.000 0.000
0.116 0.000 0.002
0.114 0.000 0.004
0.032 0.000 0.000
0.085 0.000 0.003
0.078 0.000 0.002
0.292 0.000 0.013
0.018 0.000 0.000
0.077 0.000 0.003
0.021 0.000 0.000
0.020 0.000 0.000
0.282 0.000 0.008
0.302 0.000 0.012
0.139 0.000 0.005
0.094 0.000 0.004
0.136 0.000 0.003
0.092 0.000 0.002
0.076 0.000 0.002
0.149 0.000 0.004
0.130 0.000 0.004
0.111 0.000 0.002
0.079 0.000 0.003
0.116 0.000 0.003
0.056 0.000 0.001
0.113 0.000 0.003
0.042 0.000 0.000
0.058 0.000 0.001
0.070 0.000 0.002
0.116 0.000 0.004
0.104 0.000 0.003
0.113 0.000 0.002
0.134 0.000 0.004
0.124 0.000 0.002
0.076 0.000 0.004
0.120 0.000 0.002
0.150 0.000 0.005
0.101 0.000 0.004
0.082 0.000 0.003
0.092 0.000 0.001
0.085 0.000 0.003
0.026 0.000 0.000
0.090 0.000 0.002
0.386 0.000 0.024
0.042 0.000 0.000
0.023 0.000 0.000
0.064 0.000 0.002
0.293 0.000 0.009
0.277 0.000 0.009
0.162 0.000 0.005
0.023 0.000 0.000
0.055 0.000 0.001
0.028 0.000 0.000
0.030 0.000 0.000
0.036 0.000 0.000
0.069 0.000 0.002
0.049 0.000 0.001
0.081 0.000 0.003
0.083 0.000 0.001
0.112 0.000 0.003
0.099 0.000 0.001
0.030 0.000 0.000
0.091 0.000 0.003
0.131 0.000 0.004
0.109 0.000 0.003
0.083 0.000 0.004
0.169 0.000 0.005
0.203 0.000 0.006
0.304 0.000 0.017
0.094 0.000 0.001
0.033 0.000 0.000
0.062 0.000 0.001
0.028 0.000 0.000
0.094 0.000 0.004
0.090 0.000 0.003
0.303 0.000 0.017
0.081 0.000 0.002
0.081 0.000 0.003
0.091 0.000 0.003
0.100 0.000 0.003
0.123 0.000 0.005
0.043 0.000 0.001
0.102 0.000 0.003
0.102 0.000 0.002
0.096 0.000 0.002
0.101 0.000 0.003
0.067 0.000 0.001
0.080 0.000 0.002
0.083 0.000 0.001
0.077 0.000 0.001
0.094 0.000 0.003
0.023 0.000 0.000
0.028 0.000 0.000
0.029 0.000 0.000
0.064 0.000 0.001
0.154 0.000 0.003
0.176 0.000 0.003
0.024 0.000 0.000
0.069 0.000 0.001
0.026 0.000 0.000
0.014 0.000 0.000
0.044 0.000 0.000
0.064 0.000 0.001
0.067 0.000 0.002
0.392 0.000 0.018
0.487 0.000 0.030
0.041 0.000 0.001
0.103 0.000 0.002
0.323 0.000 0.013
0.409 0.000 0.021
0.208 0.000 0.008
0.032 0.000 0.000
0.045 0.000 0.000
0.068 0.000 0.001
0.077 0.000 0.004
0.067 0.000 0.002
0.111 0.000 0.005
0.150 0.000 0.003
0.093 0.000 0.003
0.125 0.000 0.004
0.077 0.000 0.001
0.209 0.000 0.008
0.043 0.000 0.000
0.049 0.000 0.000
0.077 0.000 0.001
0.079 0.000 0.003
0.116 0.000 0.005
0.173 0.000 0.009
0.053 0.000 0.001
0.081 0.000 0.001
0.171 0.000 0.004
0.028 0.000 0.000
0.068 0.000 0.001
0.029 0.000 0.000
0.047 0.000 0.000
0.102 0.000 0.004
0.102 0.000 0.004
0.100 0.000 0.003
0.086 0.000 0.003
0.105 0.000 0.003
0.127 0.000 0.002
0.086 0.000 0.001
0.060 0.000 0.001
0.083 0.000 0.003
0.103 0.000 0.002
0.120 0.000 0.003
0.196 0.000 0.005
0.095 0.000 0.002
0.130 0.000 0.005
0.123 0.000 0.004
0.132 0.000 0.004
0.162 0.000 0.004
0.123 0.000 0.005
0.107 0.000 0.003
0.111 0.000 0.002
0.091 0.000 0.002
0.338 0.000 0.019
0.037 0.000 0.000
0.049 0.000 0.000
0.084 0.000 0.001
0.032 0.000 0.001
0.035 0.000 0.000
0.028 0.000 0.000
0.073 0.000 0.001
0.033 0.000 0.001
0.055 0.000 0.001
0.028 0.000 0.000
0.082 0.000 0.001
0.030 0.000 0.000
0.036 0.000 0.000
0.048 0.000 0.000
0.075 0.000 0.001
0.032 0.000 0.001
0.035 0.000 0.000
0.028 0.000 0.000
0.070 0.000 0.001
0.029 0.000 0.000
0.056 0.000 0.001
0.028 0.000 0.000
0.083 0.000 0.001
0.033 0.000 0.001
0.036 0.000 0.000
0.048 0.000 0.000
0.075 0.000 0.001
0.385 0.000 0.059
0.078 0.000 0.001
0.029 0.000 0.000
0.026 0.000 0.000
0.015 0.000 0.000
0.003 0.000 0.000
0.003 0.000 0.000
0.001 0.000 0.000
0.006 0.000 0.000
0.000 0.000 0.000
0.000 0.000 0.000
0.000 0.000 0.000
0.004 0.000 0.000
0.000 0.000 0.000
0.000 0.000 0.000
0.000 0.000 0.000
0.000 0.000 0.000
0.000 0.000 0.000
0.000 0.000 0.000
0.000 0.000 0.000
0.004 0.000 0.000
0.000 0.000 0.000
0.000 0.000 0.000
0.000 0.000 0.000
0.000 0.000 0.000
0.000 0.000 0.000
0.000 0.000 0.000
0.000 0.000 0.000
0.004 0.000 0.000
0.000 0.000 0.000
0.000 0.000 0.000
0.000 0.000 0.000
0.000 0.000 0.000
0.000 0.000 0.000
0.000 0.000 0.000
0.000 0.000 0.000
0.004 0.000 0.000
0.000 0.000 0.000
0.000 0.000 0.000
0.000 0.000 0.000
0.000 0.000 0.000
0.000 0.000 0.000
0.000 0.000 0.000
0.000 0.000 0.000
0.004 0.000 0.000
0.000 0.000 0.000
0.000 0.000 0.000
0.000 0.000 0.000
0.000 0.000 0.000
0.000 0.000 0.000
0.000 0.000 0.000
0.000 0.000 0.000
0.004 0.000 0.000
0.000 0.000 0.000
0.000 0.000 0.000
0.000 0.000 0.000
0.000 0.000 0.000
0.000 0.000 0.000
0.000 0.000 0.000
0.000 0.000 0.000
0.004 0.000 0.000
0.000 0.000 0.000
0.000 0.000 0.000
0.000 0.000 0.000
0.000 0.000 0.000
0.000 0.000 0.000
0.000 0.000 0.000
0.000 0.000 0.000
0.004 0.000 0.000
0.000 0.000 0.000
0.000 0.000 0.000
0.000 0.000 0.000
0.000 0.000 0.000
0.000 0.000 0.000
0.000 0.000 0.000
0.000 0.000 0.000
0.004 0.000 0.000
0.000 0.000 0.000
0.000 0.000 0.000
0.000 0.000 0.000
0.000 0.000 0.000
0.000 0.000 0.000
0.000 0.000 0.000
0.000 0.000 0.000
0.004 0.000 0.000
0.000 0.000 0.000
0.000 0.000 0.000
0.000 0.000 0.000
0.000 0.000 0.000
0.000 0.000 0.000
0.000 0.000 0.000
0.000 0.000 0.000
0.004 0.000 0.000
0.000 0.000 0.000
0.000 0.000 0.000
0.000 0.000 0.000
0.000 0.000 0.000
0.000 0.000 0.000
0.000 0.000 0.000
0.000 0.000 0.000
0.004 0.000 0.000
0.000 0.000 0.000
0.000 0.000 0.000
0.000 0.000 0.000
0.000 0.000 0.000
0.000 0.000 0.000
0.000 0.000 0.000
0.000 0.000 0.000
0.004 0.000 0.000
0.000 0.000 0.000
0.000 0.000 0.000
0.000 0.000 0.000
0.000 0.000 0.000
0.000 0.000 0.000
0.000 0.000 0.000
0.000 0.000 0.000
0.004 0.000 0.000
0.000 0.000 0.000
0.000 0.000 0.000
0.000 0.000 0.000
0.000 0.000 0.000
0.000 0.000 0.000
0.000 0.000 0.000
0.000 0.000 0.000
0.004 0.000 0.000
0.000 0.000 0.000
0.000 0.000 0.000
0.000 0.000 0.000
0.000 0.000 0.000
0.000 0.000 0.000
0.000 0.000 0.000
0.000 0.000 0.000
0.004 0.000 0.000
0.000 0.000 0.000
0.000 0.000 0.000
0.000 0.000 0.000
0.000 0.000 0.000
0.000 0.000 0.000
0.000 0.000 0.000
0.000 0.000 0.000
0.004 0.000 0.000
0.000 0.000 0.000
0.000 0.000 0.000
0.000 0.000 0.000
0.000 0.000 0.000
0.000 0.000 0.000
0.000 0.000 0.000
0.000 0.000 0.000
0.004 0.000 0.000
0.000 0.000 0.000
0.000 0.000 0.000
0.000 0.000 0.000
0.000 0.000 0.000
0.000 0.000 0.000
0.000 0.000 0.000
0.000 0.000 0.000
0.004 0.000 0.000
0.000 0.000 0.000
0.000 0.000 0.000
0.000 0.000 0.000
0.000 0.000 0.000
0.000 0.000 0.000
0.000 0.000 0.000
0.000 0.000 0.000
0.004 0.000 0.000
0.000 0.000 0.000
0.000 0.000 0.000
0.000 0.000 0.000
0.000 0.000 0.000
0.000 0.000 0.000
0.000 0.000 0.000
0.000 0.000 0.000
0.004 0.000 0.000
0.000 0.000 0.000
0.000 0.000 0.000
0.000 0.000 0.000
0.000 0.000 0.000
0.000 0.000 0.000
0.000 0.000 0.000
0.000 0.000 0.000
0.004 0.000 0.000
0.000 0.000 0.000
0.000 0.000 0.000
0.000 0.000 0.000
0.000 0.000 0.000
0.000 0.000 0.000
0.000 0.000 0.000
0.000 0.000 0.000
0.004 0.000 0.000
0.000 0.000 0.000
0.000 0.000 0.000
0.000 0.000 0.000
0.000 0.000 0.000
0.000 0.000 0.000
0.000 0.000 0.000
0.000 0.000 0.000
0.004 0.000 0.000
0.000 0.000 0.000
0.000 0.000 0.000
0.000 0.000 0.000
0.000 0.000 0.000
0.000 0.000 0.000
0.000 0.000 0.000
0.000 0.000 0.000
0.004 0.000 0.000
0.000 0.000 0.000
0.000 0.000 0.000
0.000 0.000 0.000
0.000 0.000 0.000
0.000 0.000 0.000
0.000 0.000 0.000
0.000 0.000 0.000
0.004 0.000 0.000
0.000 0.000 0.000
0.000 0.000 0.000
0.000 0.000 0.000
0.000 0.000 0.000
0.000 0.000 0.000
0.000 0.000 0.000
0.000 0.000 0.000
0.004 0.000 0.000
0.000 0.000 0.000
0.000 0.000 0.000
0.000 0.000 0.000
0.000 0.000 0.000
0.000 0.000 0.000
0.000 0.000 0.000
0.000 0.000 0.000
0.004 0.000 0.000
0.000 0.000 0.000
0.000 0.000 0.000
0.000 0.000 0.000
0.000 0.000 0.000
0.000 0.000 0.000
0.000 0.000 0.000
0.000 0.000 0.000
0.004 0.000 0.000
0.000 0.000 0.000
0.000 0.000 0.000
0.000 0.000 0.000
0.000 0.000 0.000
0.000 0.000 0.000
0.000 0.000 0.000
0.000 0.000 0.000
0.004 0.000 0.000
0.000 0.000 0.000
0.000 0.000 0.000
0.000 0.000 0.000
0.000 0.000 0.000
0.000 0.000 0.000
0.240 0.000 0.032
0.086 0.000 0.001
0.017 0.000 0.000
0.027 0.000 0.000
0.016 0.000 0.000
0.003 0.000 0.000
0.003 0.000 0.000
0.001 0.000 0.000
0.007 0.000 0.000
0.000 0.000 0.000
0.000 0.000 0.000
0.000 0.000 0.000
0.004 0.000 0.000
0.000 0.000 0.000
0.000 0.000 0.000
0.000 0.000 0.000
0.000 0.000 0.000
0.000 0.000 0.000
0.000 0.000 0.000
0.000 0.000 0.000
0.004 0.000 0.000
0.072 0.000 0.004
0.081 0.000 0.003
0.072 0.000 0.003
0.090 0.000 0.002
0.100 0.000 0.003
0.084 0.000 0.001
0.099 0.000 0.003
0.093 0.000 0.003
0.097 0.000 0.002
0.106 0.000 0.002
0.033 0.000 0.000
0.078 0.000 0.002
0.087 0.000 0.001
0.016 0.000 0.000
0.065 0.000 0.002
0.067 0.000 0.001
0.086 0.000 0.001
0.011 0.000 0.000
0.111 0.000 0.004
0.107 0.000 0.003
0.071 0.000 0.002
0.104 0.000 0.004
0.076 0.000 0.003
0.102 0.000 0.002
0.091 0.000 0.003
0.116 0.000 0.003
0.412 0.000 0.028
0.046 0.000 0.001
0.016 0.000 0.000
0.037 0.000 0.000
0.021 0.000 0.000
0.018 0.000 0.000
0.039 0.000 0.000
0.021 0.000 0.000
0.009 0.000 0.000
0.019 0.000 0.000
0.056 0.000 0.001
0.074 0.000 0.004
0.041 0.000 0.001
0.076 0.000 0.003
0.100 0.000 0.002
0.085 0.000 0.003
0.136 0.000 0.003
0.102 0.000 0.003
0.144 0.000 0.005
0.020 0.000 0.000
0.092 0.000 0.002
0.090 0.000 0.003
0.110 0.000 0.004
0.111 0.000 0.002
0.026 0.000 0.000
0.085 0.000 0.003
0.095 0.000 0.002
0.098 0.000 0.003
0.092 0.000 0.003
0.116 0.000 0.002
0.097 0.000 0.002
0.126 0.000 0.004
0.100 0.000 0.004
0.143 0.000 0.004
0.075 0.000 0.002
0.108 0.000 0.003
0.151 0.000 0.003
0.116 0.000 0.004
0.121 0.000 0.004
0.084 0.000 0.003
0.091 0.000 0.002
0.110 0.000 0.004
0.124 0.000 0.004
0.458 0.000 0.032
0.041 0.000 0.001
0.081 0.000 0.002
0.106 0.000 0.004
0.098 0.000 0.001
0.031 0.000 0.000
0.063 0.000 0.001
0.047 0.000 0.001
0.058 0.000 0.001
0.037 0.000 0.000
0.086 0.000 0.002
0.026 0.000 0.000
0.022 0.000 0.000
0.059 0.000 0.001
0.071 0.000 0.001
0.040 0.000 0.001
0.023 0.000 0.000
0.031 0.000 0.000
0.074 0.000 0.001
0.024 0.000 0.000
0.015 0.000 0.000
0.045 0.000 0.000
0.073 0.000 0.001
0.026 0.000 0.000
0.012 0.000 0.000
0.030 0.000 0.000
0.071 0.000 0.001
0.025 0.000 0.000
0.025 0.000 0.000
0.042 0.000 0.000
0.074 0.000 0.001
0.024 0.000 0.000
0.012 0.000 0.000
0.035 0.000 0.000
0.073 0.000 0.001
0.025 0.000 0.000
0.014 0.000 0.000
0.041 0.000 0.000
0.071 0.000 0.001
0.032 0.000 0.001
0.023 0.000 0.000
0.031 0.000 0.000
0.074 0.000 0.001
0.065 0.000 0.003
0.104 0.000 0.004
0.128 0.000 0.004
0.100 0.000 0.002
0.135 0.000 0.003
0.138 0.000 0.005
0.105 0.000 0.004
0.142 0.000 0.004
0.396 0.000 0.029
0.028 0.000 0.000
0.034 0.000 0.000
0.055 0.000 0.001
0.033 0.000 0.001
0.021 0.000 0.000
0.046 0.000 0.000
0.053 0.000 0.001
0.036 0.000 0.001
0.018 0.000 0.000
0.033 0.000 0.000
0.049 0.000 0.001
0.038 0.000 0.001
0.029 0.000 0.000
0.044 0.000 0.000
0.055 0.000 0.001
0.083 0.000 0.004
0.041 0.000 0.001
0.052 0.000 0.001
3.660 0.000 7.443
0.020 0.000 0.000
3.673 0.000 7.478
0.131 0.000 0.008
0.037 0.000 0.001
3.763 0.000 7.692
0.083 0.000 0.004
0.044 0.000 0.001
0.017 0.000 0.000
0.018 0.000 0.000
0.022 0.000 0.000
0.066 0.000 0.002
0.033 0.000 0.001
3.901 0.000 8.569
4.013 0.000 9.083
0.047 0.000 0.001
4.010 0.000 9.147
0.055 0.000 0.002
4.233 0.000 10.037
4.285 0.000 10.581
0.129 0.000 0.006
4.160 0.000 9.837
0.075 0.000 0.002
4.017 0.000 8.971
0.053 0.000 0.001
3.901 0.000 8.533
0.064 0.000 0.002
3.699 0.000 7.302
0.080 0.000 0.003
0.053 0.000 0.002
0.104 0.000 0.005
0.092 0.000 0.004
0.043 0.000 0.001
0.109 0.000 0.004
0.073 0.000 0.003
0.083 0.000 0.003
0.086 0.000 0.003
0.094 0.000 0.003
0.037 0.000 0.001
0.025 0.000 0.000
0.044 0.000 0.001
0.056 0.000 0.001
0.030 0.000 0.001
0.024 0.000 0.000
0.035 0.000 0.000
0.058 0.000 0.001
0.043 0.000 0.001
0.036 0.000 0.000
0.108 0.000 0.003
0.061 0.000 0.001
0.034 0.000 0.001
0.026 0.000 0.000
0.121 0.000 0.003
0.056 0.000 0.001
0.039 0.000 0.001
0.114 0.000 0.002
0.036 0.000 0.000
0.057 0.000 0.001
0.034 0.000 0.001
0.035 0.000 0.000
0.105 0.000 0.003
0.061 0.000 0.001
0.034 0.000 0.001
0.025 0.000 0.000
0.044 0.000 0.001
0.056 0.000 0.001
0.031 0.000 0.001
0.024 0.000 0.000
0.035 0.000 0.000
0.056 0.000 0.001
0.035 0.000 0.001
0.035 0.000 0.000
0.036 0.000 0.000
0.061 0.000 0.001
0.032 0.000 0.001
0.025 0.000 0.000
0.044 0.000 0.001
0.056 0.000 0.001
0.035 0.000 0.001
0.024 0.000 0.000
0.035 0.000 0.000
0.055 0.000 0.001
0.031 0.000 0.001
0.035 0.000 0.000
0.036 0.000 0.000
0.062 0.000 0.001
0.036 0.000 0.001
0.025 0.000 0.000
0.044 0.000 0.001
0.055 0.000 0.001
0.031 0.000 0.001
0.024 0.000 0.000
0.035 0.000 0.000
0.056 0.000 0.001
0.035 0.000 0.001
0.035 0.000 0.000
0.036 0.000 0.000
0.061 0.000 0.001
0.032 0.000 0.001
0.025 0.000 0.000
0.044 0.000 0.001
0.056 0.000 0.001
0.035 0.000 0.001
0.024 0.000 0.000
0.035 0.000 0.000
0.055 0.000 0.001
0.031 0.000 0.001
0.035 0.000 0.000
0.036 0.000 0.000
0.062 0.000 0.001
0.036 0.000 0.001
0.025 0.000 0.000
0.044 0.000 0.001
0.055 0.000 0.001
0.031 0.000 0.001
0.024 0.000 0.000
0.035 0.000 0.000
0.056 0.000 0.001
0.035 0.000 0.001
0.035 0.000 0.000
0.036 0.000 0.000
0.061 0.000 0.001
0.032 0.000 0.001
0.025 0.000 0.000
0.044 0.000 0.001
0.056 0.000 0.001
0.035 0.000 0.001
0.024 0.000 0.000
0.035 0.000 0.000
0.055 0.000 0.001
0.031 0.000 0.001
0.035 0.000 0.000
0.036 0.000 0.000
0.062 0.000 0.001
0.036 0.000 0.001
0.025 0.000 0.000
0.044 0.000 0.001
0.055 0.000 0.001
0.031 0.000 0.001
0.024 0.000 0.000
0.035 0.000 0.000
0.056 0.000 0.001
0.035 0.000 0.001
0.035 0.000 0.000
0.036 0.000 0.000
0.061 0.000 0.001
0.032 0.000 0.001
0.025 0.000 0.000
0.044 0.000 0.001
0.056 0.000 0.001
0.035 0.000 0.001
0.024 0.000 0.000
0.035 0.000 0.000
0.055 0.000 0.001
0.031 0.000 0.001
0.035 0.000 0.000
0.036 0.000 0.000
0.062 0.000 0.001
0.036 0.000 0.001
0.025 0.000 0.000
0.044 0.000 0.001
0.055 0.000 0.001
0.031 0.000 0.001
0.024 0.000 0.000
0.035 0.000 0.000
0.056 0.000 0.001
0.035 0.000 0.001
0.035 0.000 0.000
0.036 0.000 0.000
0.061 0.000 0.001
0.032 0.000 0.001
0.025 0.000 0.000
0.044 0.000 0.001
0.056 0.000 0.001
0.035 0.000 0.001
0.024 0.000 0.000
0.035 0.000 0.000
0.055 0.000 0.001
0.031 0.000 0.001
0.035 0.000 0.000
0.036 0.000 0.000
0.062 0.000 0.001
0.036 0.000 0.001
0.025 0.000 0.000
0.044 0.000 0.001
0.055 0.000 0.001
0.031 0.000 0.001
0.024 0.000 0.000
0.035 0.000 0.000
0.056 0.000 0.001
0.035 0.000 0.001
0.035 0.000 0.000
0.036 0.000 0.000
0.061 0.000 0.001
0.032 0.000 0.001
0.025 0.000 0.000
0.044 0.000 0.001
0.056 0.000 0.001
0.035 0.000 0.001
0.024 0.000 0.000
0.035 0.000 0.000
0.055 0.000 0.001
0.031 0.000 0.001
0.035 0.000 0.000
0.036 0.000 0.000
0.062 0.000 0.001
0.036 0.000 0.001
0.025 0.000 0.000
0.044 0.000 0.001
0.055 0.000 0.001
0.031 0.000 0.001
0.024 0.000 0.000
0.035 0.000 0.000
0.056 0.000 0.001
0.035 0.000 0.001
0.035 0.000 0.000
0.036 0.000 0.000
0.061 0.000 0.001
0.033 0.000 0.001
0.025 0.000 0.000
0.044 0.000 0.001
0.056 0.000 0.001
0.035 0.000 0.001
0.024 0.000 0.000
0.035 0.000 0.000
0.055 0.000 0.001
0.031 0.000 0.001
0.035 0.000 0.000
0.036 0.000 0.000
0.061 0.000 0.001
0.034 0.000 0.001
0.025 0.000 0.000
0.044 0.000 0.001
0.057 0.000 0.001
0.031 0.000 0.001
0.024 0.000 0.000
0.035 0.000 0.000
0.056 0.000 0.001
0.034 0.000 0.001
0.035 0.000 0.000
0.036 0.000 0.000
0.061 0.000 0.001
1.133 0.000 0.675
0.235 0.000 0.008
0.092 0.000 0.003
0.093 0.000 0.003
0.136 0.000 0.005
0.047 0.000 0.001
0.058 0.000 0.001
0.057 0.000 0.001
0.047 0.000 0.001
0.041 0.000 0.000
0.037 0.000 0.001
0.062 0.000 0.001
0.038 0.000 0.001
0.023 0.000 0.000
0.044 0.000 0.001
0.055 0.000 0.001
0.031 0.000 0.001
0.017 0.000 0.000
0.179 0.000 0.003
2.972 0.000 1.360
2.440 0.000 2.090
3.140 0.000 1.626
0.156 0.000 0.011
2.813 0.000 1.518
0.063 0.000 0.002
0.088 0.000 0.003
0.059 0.000 0.001
0.624 0.000 0.182
0.071 0.000 0.002
0.022 0.000 0.000
0.032 0.000 0.001
0.022 0.000 0.000
0.039 0.000 0.001
0.023 0.000 0.001
0.065 0.000 0.001
0.023 0.000 0.000
0.155 0.000 0.005
0.135 0.000 0.003
0.088 0.000 0.002
0.217 0.000 0.006
0.233 0.000 0.006
0.236 0.000 0.006
0.009 0.000 0.000
0.065 0.000 0.004
0.174 0.000 0.005
0.167 0.000 0.004
0.167 0.000 0.004
0.162 0.000 0.004
0.200 0.000 0.005
0.151 0.000 0.003
0.069 0.000 0.001
0.047 0.000 0.001
0.021 0.000 0.000
0.042 0.000 0.001
0.021 0.000 0.000
0.033 0.000 0.001
0.015 0.000 0.000
0.021 0.000 0.000
0.063 0.000 0.004
0.031 0.000 0.001
0.015 0.000 0.000
0.022 0.000 0.000
0.029 0.000 0.001
0.086 0.000 0.001
0.032 0.000 0.001
0.080 0.000 0.001
0.145 0.000 0.003
0.118 0.000 0.003
0.218 0.000 0.006
0.043 0.000 0.000
0.162 0.000 0.005
0.154 0.000 0.004
0.262 0.000 0.011
0.019 0.000 0.000
0.145 0.000 0.004
0.128 0.000 0.003
0.132 0.000 0.004
0.128 0.000 0.003
0.234 0.000 0.006
0.172 0.000 0.004
0.063 0.000 0.001
0.032 0.000 0.001
0.071 0.000 0.002
0.022 0.000 0.000
0.021 0.000 0.000
0.016 0.000 0.000
0.009 0.000 0.000
0.030 0.000 0.001
0.011 0.000 0.000
0.091 0.000 0.005
2.141 0.000 1.773
0.041 0.000 0.001
0.070 0.000 0.002
0.275 0.000 0.009
0.357 0.000 0.017
0.115 0.000 0.004
0.058 0.000 0.001
0.244 0.000 0.008
0.179 0.000 0.005
0.171 0.000 0.004
0.087 0.000 0.002
0.259 0.000 0.009
0.055 0.000 0.001
0.209 0.000 0.006
0.129 0.000 0.004
0.124 0.000 0.004
0.192 0.000 0.006
0.157 0.000 0.004
0.131 0.000 0.004
1.728 0.000 0.326
4.159 0.000 3.313
0.084 0.000 0.002
3.049 0.000 1.157
0.028 0.000 0.000
0.024 0.000 0.000
0.052 0.000 0.001
0.041 0.000 0.001
0.059 0.000 0.001
0.024 0.000 0.000
0.070 0.000 0.001
0.040 0.000 0.001
0.016 0.000 0.000
0.011 0.000 0.000
0.021 0.000 0.000
1.348 0.000 0.850
0.030 0.000 0.001
0.033 0.000 0.001
0.047 0.000 0.001
0.118 0.000 0.003
0.054 0.000 0.001
0.029 0.000 0.000
0.055 0.000 0.001
0.017 0.000 0.000
0.022 0.000 0.000
0.013 0.000 0.000
0.026 0.000 0.000
0.018 0.000 0.000
0.008 0.000 0.000
0.013 0.000 0.000
0.017 0.000 0.000
0.021 0.000 0.000
0.047 0.000 0.000
0.018 0.000 0.000
0.050 0.000 0.001
0.016 0.000 0.000
0.014 0.000 0.000
0.013 0.000 0.000
0.018 0.000 0.000
0.018 0.000 0.000
0.007 0.000 0.000
0.014 0.000 0.000
0.019 0.000 0.000
0.021 0.000 0.000
0.047 0.000 0.000
0.018 0.000 0.000
0.049 0.000 0.001
0.016 0.000 0.000
0.014 0.000 0.000
0.013 0.000 0.000
0.020 0.000 0.000
0.018 0.000 0.000
0.007 0.000 0.000
0.014 0.000 0.000
0.017 0.000 0.000
0.021 0.000 0.000
0.047 0.000 0.000
0.018 0.000 0.000
0.050 0.000 0.001
0.016 0.000 0.000
0.014 0.000 0.000
0.013 0.000 0.000
0.018 0.000 0.000
0.018 0.000 0.000
0.007 0.000 0.000
0.014 0.000 0.000
0.019 0.000 0.000
0.021 0.000 0.000
0.047 0.000 0.000
0.018 0.000 0.000
0.049 0.000 0.001
0.016 0.000 0.000
0.014 0.000 0.000
0.013 0.000 0.000
0.020 0.000 0.000
0.018 0.000 0.000
0.007 0.000 0.000
0.014 0.000 0.000
0.017 0.000 0.000
0.021 0.000 0.000
0.047 0.000 0.000
0.018 0.000 0.000
0.050 0.000 0.001
0.016 0.000 0.000
0.014 0.000 0.000
0.013 0.000 0.000
0.018 0.000 0.000
0.018 0.000 0.000
0.007 0.000 0.000
0.014 0.000 0.000
0.019 0.000 0.000
0.021 0.000 0.000
0.047 0.000 0.000
0.018 0.000 0.000
0.049 0.000 0.001
0.016 0.000 0.000
0.014 0.000 0.000
0.013 0.000 0.000
0.020 0.000 0.000
0.018 0.000 0.000
0.007 0.000 0.000
0.014 0.000 0.000
0.017 0.000 0.000
0.021 0.000 0.000
0.047 0.000 0.000
0.018 0.000 0.000
0.050 0.000 0.001
0.016 0.000 0.000
0.014 0.000 0.000
0.013 0.000 0.000
0.018 0.000 0.000
0.018 0.000 0.000
0.007 0.000 0.000
0.014 0.000 0.000
0.019 0.000 0.000
0.021 0.000 0.000
0.047 0.000 0.000
0.018 0.000 0.000
0.049 0.000 0.001
0.016 0.000 0.000
0.014 0.000 0.000
0.013 0.000 0.000
0.020 0.000 0.000
0.018 0.000 0.000
0.007 0.000 0.000
0.014 0.000 0.000
0.017 0.000 0.000
0.021 0.000 0.000
0.047 0.000 0.000
0.018 0.000 0.000
0.050 0.000 0.001
0.016 0.000 0.000
0.014 0.000 0.000
0.013 0.000 0.000
0.018 0.000 0.000
0.018 0.000 0.000
0.007 0.000 0.000
0.014 0.000 0.000
0.019 0.000 0.000
0.087 0.000 0.006
0.198 0.000 0.007
0.259 0.000 0.008
0.106 0.000 0.003
0.014 0.000 0.000
0.013 0.000 0.000
0.011 0.000 0.000
0.027 0.000 0.001
0.016 0.000 0.000
0.004 0.000 0.000
0.011 0.000 0.000
0.013 0.000 0.000
0.019 0.000 0.000
0.047 0.000 0.000
0.016 0.000 0.000
0.050 0.000 0.001
0.014 0.000 0.000
0.013 0.000 0.000
0.011 0.000 0.000
0.015 0.000 0.000
0.027 0.000 0.001
0.251 0.000 0.006
0.165 0.000 0.004
0.341 0.000 0.012
0.165 0.000 0.005
0.025 0.000 0.000
0.017 0.000 0.000
0.052 0.000 0.001
0.000 0.000 0.000
0.394 0.000 0.076
0.061 0.000 0.001
0.018 0.000 0.000
0.023 0.000 0.000
0.015 0.000 0.000
0.008 0.000 0.000
0.004 0.000 0.000
0.079 0.000 0.005
0.056 0.000 0.002
0.064 0.000 0.002
0.110 0.000 0.003
0.086 0.000 0.003
0.105 0.000 0.003
0.092 0.000 0.003
0.200 0.000 0.007
0.016 0.000 0.000
0.039 0.000 0.000
0.010 0.000 0.000
0.016 0.000 0.000
0.021 0.000 0.000
0.015 0.000 0.000
0.008 0.000 0.000
0.012 0.000 0.000
0.014 0.000 0.000
0.015 0.000 0.000
0.004 0.000 0.000
0.011 0.000 0.000
0.014 0.000 0.000
0.015 0.000 0.000
0.004 0.000 0.000
0.011 0.000 0.000
0.013 0.000 0.000
0.015 0.000 0.000
0.008 0.000 0.000
0.012 0.000 0.000
0.014 0.000 0.000
0.015 0.000 0.000
0.004 0.000 0.000
0.011 0.000 0.000
0.013 0.000 0.000
0.015 0.000 0.000
0.004 0.000 0.000
0.011 0.000 0.000
0.014 0.000 0.000
0.015 0.000 0.000
0.008 0.000 0.000
0.012 0.000 0.000
0.014 0.000 0.000
0.015 0.000 0.000
0.004 0.000 0.000
0.011 0.000 0.000
0.014 0.000 0.000
0.015 0.000 0.000
0.004 0.000 0.000
0.011 0.000 0.000
0.013 0.000 0.000
0.015 0.000 0.000
0.008 0.000 0.000
0.012 0.000 0.000
0.014 0.000 0.000
0.015 0.000 0.000
0.004 0.000 0.000
0.011 0.000 0.000
0.013 0.000 0.000
0.015 0.000 0.000
0.004 0.000 0.000
0.011 0.000 0.000
0.014 0.000 0.000
0.015 0.000 0.000
0.008 0.000 0.000
0.012 0.000 0.000
0.014 0.000 0.000
0.015 0.000 0.000
0.004 0.000 0.000
0.011 0.000 0.000
0.014 0.000 0.000
0.015 0.000 0.000
0.004 0.000 0.000
0.011 0.000 0.000
0.013 0.000 0.000
0.015 0.000 0.000
0.008 0.000 0.000
0.012 0.000 0.000
0.014 0.000 0.000
0.195 0.000 0.008
0.018 0.000 0.000
0.208 0.000 0.005
0.245 0.000 0.008
0.125 0.000 0.003
0.028 0.000 0.000
0.015 0.000 0.000
0.020 0.000 0.000
0.015 0.000 0.000
0.033 0.000 0.000
0.012 0.000 0.000
0.034 0.000 0.000
0.015 0.000 0.000
0.017 0.000 0.000
0.011 0.000 0.000
0.035 0.000 0.000
0.015 0.000 0.000
0.017 0.000 0.000
0.011 0.000 0.000
0.034 0.000 0.000
0.021 0.000 0.000
0.260 0.000 0.007
0.040 0.000 0.000
0.235 0.000 0.024
0.303 0.000 0.036
0.404 0.000 0.053
0.392 0.000 0.047
0.418 0.000 0.062
0.474 0.000 0.076
0.461 0.000 0.080
0.513 0.000 0.092
0.040 0.000 0.000
0.530 0.000 0.103
0.564 0.000 0.115
0.572 0.000 0.124
0.594 0.000 0.125
0.621 0.000 0.138
0.658 0.000 0.141
0.644 0.000 0.141
0.665 0.000 0.155
0.639 0.000 0.147
0.094 0.000 0.003
0.662 0.000 0.156
0.641 0.000 0.150
0.054 0.000 0.002
0.016 0.000 0.000
0.017 0.000 0.000
0.010 0.000 0.000
0.038 0.000 0.001
0.064 0.000 0.001
0.020 0.000 0.000
0.019 0.000 0.000
0.037 0.000 0.000
0.015 0.000 0.000
0.017 0.000 0.000
0.010 0.000 0.000
0.034 0.000 0.000
0.013 0.000 0.000
0.018 0.000 0.000
0.010 0.000 0.000
0.034 0.000 0.000
0.011 0.000 0.000
0.020 0.000 0.000
0.019 0.000 0.000
0.037 0.000 0.000
0.013 0.000 0.000
0.016 0.000 0.000
0.009 0.000 0.000
0.033 0.000 0.000
0.013 0.000 0.000
0.018 0.000 0.000
0.010 0.000 0.000
0.034 0.000 0.000
0.011 0.000 0.000
0.020 0.000 0.000
0.019 0.000 0.000
0.037 0.000 0.000
0.013 0.000 0.000
0.016 0.000 0.000
0.009 0.000 0.000
0.033 0.000 0.000
0.013 0.000 0.000
0.018 0.000 0.000
0.010 0.000 0.000
0.034 0.000 0.000
0.011 0.000 0.000
0.020 0.000 0.000
0.019 0.000 0.000
0.037 0.000 0.000
0.013 0.000 0.000
0.016 0.000 0.000
0.009 0.000 0.000
0.033 0.000 0.000
0.013 0.000 0.000
0.018 0.000 0.000
0.010 0.000 0.000
0.034 0.000 0.000
0.011 0.000 0.000
0.020 0.000 0.000
0.019 0.000 0.000
0.037 0.000 0.000
0.013 0.000 0.000
0.016 0.000 0.000
0.009 0.000 0.000
0.033 0.000 0.000
0.013 0.000 0.000
0.018 0.000 0.000
0.010 0.000 0.000
0.034 0.000 0.000
0.011 0.000 0.000
0.020 0.000 0.000
0.019 0.000 0.000
0.037 0.000 0.000
0.013 0.000 0.000
0.016 0.000 0.000
0.009 0.000 0.000
0.033 0.000 0.000
0.013 0.000 0.000
0.018 0.000 0.000
0.010 0.000 0.000
0.034 0.000 0.000
0.011 0.000 0.000
0.020 0.000 0.000
0.019 0.000 0.000
0.037 0.000 0.000
0.013 0.000 0.000
0.016 0.000 0.000
0.009 0.000 0.000
0.033 0.000 0.000
0.190 0.000 0.004
0.024 0.000 0.000
0.248 0.000 0.009
0.054 0.000 0.001
0.011 0.000 0.000
0.020 0.000 0.000
0.019 0.000 0.000
0.037 0.000 0.000
0.016 0.000 0.000
0.017 0.000 0.000
0.065 0.000 0.002
0.034 0.000 0.000
0.014 0.000 0.000
0.019 0.000 0.000
0.011 0.000 0.000
0.034 0.000 0.000
0.011 0.000 0.000
0.020 0.000 0.000
0.019 0.000 0.000
0.037 0.000 0.000
0.013 0.000 0.000
0.016 0.000 0.000
0.009 0.000 0.000
0.033 0.000 0.000
0.013 0.000 0.000
0.018 0.000 0.000
0.010 0.000 0.000
0.034 0.000 0.000
0.011 0.000 0.000
0.020 0.000 0.000
0.019 0.000 0.000
0.037 0.000 0.000
0.011 0.000 0.000
0.033 0.000 0.000
0.328 0.000 0.011
0.933 0.000 0.307
0.240 0.000 0.008
0.301 0.000 0.033
0.058 0.000 0.001
0.017 0.000 0.000
0.022 0.000 0.000
0.013 0.000 0.000
0.000 0.000 0.000
0.000 0.000 0.000
0.000 0.000 0.000
0.000 0.000 0.000
0.000 0.000 0.000
0.000 0.000 0.000
0.000 0.000 0.000
0.004 0.000 0.000
0.000 0.000 0.000
0.000 0.000 0.000
0.000 0.000 0.000
0.000 0.000 0.000
0.000 0.000 0.000
0.000 0.000 0.000
0.000 0.000 0.000
0.004 0.000 0.000
0.000 0.000 0.000
0.000 0.000 0.000
0.000 0.000 0.000
0.000 0.000 0.000
0.010 0.000 0.000
0.000 0.000 0.000
0.001 0.000 0.000
0.011 0.000 0.000
0.012 0.000 0.000
0.000 0.000 0.000
0.003 0.000 0.000
0.014 0.000 0.000
0.008 0.000 0.000
0.006 0.000 0.000
0.006 0.000 0.000
0.012 0.000 0.000
0.017 0.000 0.000
0.006 0.000 0.000
0.000 0.000 0.000
0.014 0.000 0.000
0.022 0.000 0.000
0.000 0.000 0.000
0.000 0.000 0.000
0.011 0.000 0.000
0.025 0.000 0.000
0.002 0.000 0.000
0.006 0.000 0.000
0.011 0.000 0.000
0.016 0.000 0.000
0.000 0.000 0.000
0.004 0.000 0.000
0.010 0.000 0.000
0.019 0.000 0.000
0.000 0.000 0.000
0.004 0.000 0.000
0.008 0.000 0.000
0.022 0.000 0.000
0.000 0.000 0.000
0.004 0.000 0.000
0.012 0.000 0.000
0.024 0.000 0.000
0.011 0.000 0.000
3.354 0.000 5.556
0.081 0.000 0.003
3.338 0.000 5.681
0.026 0.000 0.000
0.095 0.000 0.004
0.031 0.000 0.000
0.063 0.000 0.001
0.027 0.000 0.000
3.399 0.000 5.927
0.022 0.000 0.000
3.497 0.000 6.191
0.079 0.000 0.003
3.556 0.000 6.584
0.030 0.000 0.000
0.099 0.000 0.004
0.125 0.000 0.005
3.622 0.000 6.975
0.136 0.000 0.008
0.038 0.000 0.001
0.037 0.000 0.001
3.664 0.000 7.224
0.053 0.000 0.001
3.705 0.000 7.478
0.028 0.000 0.001
0.100 0.000 0.004
3.741 0.000 7.733
0.127 0.000 0.003
0.027 0.000 0.000
3.753 0.000 7.827
0.076 0.000 0.003
0.026 0.000 0.000
3.843 0.000 8.029
0.098 0.000 0.004
0.032 0.000 0.000
3.858 0.000 8.143
0.042 0.000 0.001
0.034 0.000 0.001
3.819 0.000 8.000
0.086 0.000 0.002
0.028 0.000 0.000
3.817 0.000 8.023
0.059 0.000 0.001
3.836 0.000 8.145
0.138 0.000 0.005
0.023 0.000 0.000
0.047 0.000 0.001
3.848 0.000 8.240
0.100 0.000 0.004
3.917 0.000 8.390
0.050 0.000 0.002
0.109 0.000 0.004
0.024 0.000 0.000
0.032 0.000 0.000
0.033 0.000 0.000
0.030 0.000 0.000
0.041 0.000 0.000
0.017 0.000 0.000
0.049 0.000 0.001
0.031 0.000 0.000
0.017 0.000 0.000
0.029 0.000 0.000
0.040 0.000 0.000
0.024 0.000 0.000
0.017 0.000 0.000
0.029 0.000 0.000
0.041 0.000 0.001
0.010 0.000 0.000
0.133 0.000 0.009
4.349 0.000 10.658
0.295 0.000 0.012
0.278 0.000 0.035
0.030 0.000 0.001
0.015 0.000 0.000
0.013 0.000 0.000
0.015 0.000 0.000
0.023 0.000 0.000
0.010 0.000 0.000
0.011 0.000 0.000
0.013 0.000 0.000
0.022 0.000 0.000
0.007 0.000 0.000
0.010 0.000 0.000
0.010 0.000 0.000
0.019 0.000 0.000
0.006 0.000 0.000
0.010 0.000 0.000
0.014 0.000 0.000
0.016 0.000 0.000
0.006 0.000 0.000
0.010 0.000 0.000
0.013 0.000 0.000
0.024 0.000 0.000
0.006 0.000 0.000
0.011 0.000 0.000
0.018 0.000 0.000
0.018 0.000 0.000
0.006 0.000 0.000
0.010 0.000 0.000
0.018 0.000 0.000
0.299 0.000 0.009
3.942 0.000 8.058
0.243 0.000 0.010
0.083 0.000 0.003
0.350 0.000 0.045
0.079 0.000 0.002
0.087 0.000 0.002
0.083 0.000 0.002
0.073 0.000 0.002
0.024 0.000 0.000
0.269 0.000 0.007
0.114 0.000 0.002
0.280 0.000 0.010
0.128 0.000 0.004
0.061 0.000 0.001
0.047 0.000 0.001
0.019 0.000 0.000
0.050 0.000 0.001
0.038 0.000 0.001
0.034 0.000 0.001
0.037 0.000 0.001
0.039 0.000 0.000
0.086 0.000 0.003
4.305 0.000 10.425
0.303 0.000 0.036
0.082 0.000 0.002
0.317 0.000 0.018
0.066 0.000 0.002
0.043 0.000 0.001
0.049 0.000 0.002
0.067 0.000 0.002
0.039 0.000 0.000
0.039 0.000 0.000
0.050 0.000 0.001
0.035 0.000 0.001
0.087 0.000 0.001
0.043 0.000 0.001
0.093 0.000 0.002
0.033 0.000 0.001
0.025 0.000 0.000
0.073 0.000 0.001
0.066 0.000 0.001
0.029 0.000 0.000
0.024 0.000 0.000
0.071 0.000 0.001
0.076 0.000 0.001
0.031 0.000 0.001
0.024 0.000 0.000
0.070 0.000 0.001
0.065 0.000 0.001
0.039 0.000 0.001
0.024 0.000 0.000
0.094 0.000 0.002
0.066 0.000 0.001
0.030 0.000 0.001
0.024 0.000 0.000
0.070 0.000 0.001
0.066 0.000 0.001
0.027 0.000 0.000
0.024 0.000 0.000
0.070 0.000 0.001
0.065 0.000 0.001
0.030 0.000 0.001
0.024 0.000 0.000
0.072 0.000 0.001
0.067 0.000 0.001
0.027 0.000 0.000
0.024 0.000 0.000
0.070 0.000 0.001
0.065 0.000 0.001
0.029 0.000 0.001
0.024 0.000 0.000
0.070 0.000 0.001
0.065 0.000 0.001
0.033 0.000 0.001
0.025 0.000 0.000
0.073 0.000 0.001
0.068 0.000 0.001
0.038 0.000 0.001
0.024 0.000 0.000
0.071 0.000 0.001
0.066 0.000 0.001
0.038 0.000 0.001
0.024 0.000 0.000
0.070 0.000 0.001
0.065 0.000 0.001
0.032 0.000 0.001
0.018 0.000 0.000
0.073 0.000 0.001
0.054 0.000 0.001
0.040 0.000 0.001
0.020 0.000 0.000
0.070 0.000 0.001
0.057 0.000 0.001
0.030 0.000 0.001
0.017 0.000 0.000
0.070 0.000 0.001
0.054 0.000 0.001
0.031 0.000 0.001
0.018 0.000 0.000
0.071 0.000 0.001
0.052 0.000 0.001
0.032 0.000 0.001
0.016 0.000 0.000
0.069 0.000 0.001
0.050 0.000 0.001
0.032 0.000 0.001
0.018 0.000 0.000
0.070 0.000 0.001
0.049 0.000 0.001
0.032 0.000 0.001
0.016 0.000 0.000
0.070 0.000 0.001
0.050 0.000 0.001
0.029 0.000 0.001
0.016 0.000 0.000
0.069 0.000 0.001
0.050 0.000 0.001
0.130 0.000 0.005
0.273 0.000 0.007
0.191 0.000 0.006
3.573 0.000 8.161
0.101 0.000 0.005
3.456 0.000 7.753
3.525 0.000 8.279
0.076 0.000 0.004
3.496 0.000 8.075
3.277 0.000 7.090
0.066 0.000 0.003
3.223 0.000 6.850
3.325 0.000 7.318
0.072 0.000 0.003
3.097 0.000 6.275
3.368 0.000 7.514
3.280 0.000 7.089
0.086 0.000 0.003
3.010 0.000 5.859
3.340 0.000 7.378
3.192 0.000 6.686
0.055 0.000 0.002
3.176 0.000 6.703
3.298 0.000 7.262
3.090 0.000 6.410
0.087 0.000 0.005
3.285 0.000 7.291
3.112 0.000 6.494
2.880 0.000 5.386
0.074 0.000 0.004
3.183 0.000 6.816
3.111 0.000 6.479
0.078 0.000 0.003
3.012 0.000 6.032
2.695 0.000 4.406
2.185 0.000 2.292
0.095 0.000 0.002
1.782 0.000 1.186
0.109 0.000 0.004
0.048 0.000 0.002
0.087 0.000 0.002
0.034 0.000 0.001
2.713 0.000 4.389
0.063 0.000 0.003
3.101 0.000 6.384
0.086 0.000 0.004
3.095 0.000 6.365
2.684 0.000 4.306
0.053 0.000 0.002
2.677 0.000 4.291
0.082 0.000 0.003
2.837 0.000 5.181
0.064 0.000 0.002
0.069 0.000 0.002
0.090 0.000 0.002
0.051 0.000 0.002
0.075 0.000 0.002
0.024 0.000 0.000
0.023 0.000 0.000
0.046 0.000 0.002
0.050 0.000 0.002
0.015 0.000 0.000
0.025 0.000 0.000
0.035 0.000 0.001
0.450 0.000 0.021
0.067 0.000 0.001
0.174 0.000 0.007
3.278 0.000 7.096
0.077 0.000 0.005
3.614 0.000 8.714
3.626 0.000 8.809
0.068 0.000 0.004
3.628 0.000 8.834
3.598 0.000 8.754
0.091 0.000 0.004
3.613 0.000 8.747
0.066 0.000 0.003
3.647 0.000 8.796
3.695 0.000 9.055
0.097 0.000 0.006
3.667 0.000 8.945
3.618 0.000 8.678
0.088 0.000 0.005
3.478 0.000 7.975
0.038 0.000 0.001
0.042 0.000 0.001
0.069 0.000 0.002
2.001 0.000 0.366
2.000 0.000 0.374
1.414 0.000 0.179
1.489 0.000 0.187
0.023 0.000 0.000
0.080 0.000 0.002
0.052 0.000 0.002
0.067 0.000 0.001
0.075 0.000 0.001
0.074 0.000 0.002
0.053 0.000 0.002
0.073 0.000 0.001
0.026 0.000 0.000
0.081 0.000 0.002
0.520 0.000 0.124
0.104 0.000 0.003
0.042 0.000 0.001
0.035 0.000 0.001
0.028 0.000 0.001
0.010 0.000 0.000
0.000 0.000 0.000
0.000 0.000 0.000
0.014 0.000 0.000
0.031 0.000 0.001
3.654 0.000 7.578
0.099 0.000 0.004
0.019 0.000 0.000
3.594 0.000 7.197
0.086 0.000 0.003
0.056 0.000 0.002
3.557 0.000 6.938
0.038 0.000 0.001
0.040 0.000 0.001
3.457 0.000 6.637
0.082 0.000 0.003
3.428 0.000 6.465
0.073 0.000 0.002
3.400 0.000 6.295
0.032 0.000 0.000
0.073 0.000 0.002
0.040 0.000 0.001
0.032 0.000 0.001
0.045 0.000 0.000
3.386 0.000 6.162
0.023 0.000 0.000
3.387 0.000 6.144
0.046 0.000 0.001
0.106 0.000 0.006
0.031 0.000 0.001
3.355 0.000 5.959
0.074 0.000 0.002
0.034 0.000 0.001
3.331 0.000 5.795
0.080 0.000 0.003
3.324 0.000 5.731
0.133 0.000 0.004
0.017 0.000 0.000
3.225 0.000 5.564
0.080 0.000 0.003
0.043 0.000 0.001
3.194 0.000 5.391
0.031 0.000 0.001
0.029 0.000 0.001
3.154 0.000 5.175
0.069 0.000 0.002
0.019 0.000 0.000
0.035 0.000 0.000
0.040 0.000 0.001
0.033 0.000 0.001
3.147 0.000 5.142
3.142 0.000 5.118
0.031 0.000 0.001
0.085 0.000 0.003
0.034 0.000 0.001
0.043 0.000 0.000
0.019 0.000 0.000
0.017 0.000 0.000
0.025 0.000 0.000
0.028 0.000 0.000
0.017 0.000 0.000
0.012 0.000 0.000
0.023 0.000 0.000
0.022 0.000 0.000
0.022 0.000 0.000
0.009 0.000 0.000
0.029 0.000 0.000
0.022 0.000 0.000
0.012 0.000 0.000
0.008 0.000 0.000
0.013 0.000 0.000
0.020 0.000 0.000
0.003 0.000 0.000
0.008 0.000 0.000
0.019 0.000 0.000
0.024 0.000 0.000
0.003 0.000 0.000
0.008 0.000 0.000
0.013 0.000 0.000
0.017 0.000 0.000
0.012 0.000 0.000
0.008 0.000 0.000
0.019 0.000 0.000
0.024 0.000 0.000
0.003 0.000 0.000
0.008 0.000 0.000
0.013 0.000 0.000
0.023 0.000 0.000
0.006 0.000 0.000
0.011 0.000 0.000
0.019 0.000 0.000
0.017 0.000 0.000
0.017 0.000 0.000
0.014 0.000 0.000
0.212 0.000 0.007
0.193 0.000 0.005
2.839 0.000 4.561
0.174 0.000 0.007
0.060 0.000 0.002
2.839 0.000 4.663
3.157 0.000 5.678
3.200 0.000 5.855
0.047 0.000 0.001
3.169 0.000 5.831
3.112 0.000 5.638
0.048 0.000 0.002
2.837 0.000 4.644
0.057 0.000 0.002
2.926 0.000 4.956
0.054 0.000 0.002
3.168 0.000 5.845
0.030 0.000 0.001
3.143 0.000 5.778
3.118 0.000 5.767
0.048 0.000 0.001
3.221 0.000 6.109
3.181 0.000 5.965
0.046 0.000 0.001
2.932 0.000 5.075
2.927 0.000 5.049
0.060 0.000 0.002
2.725 0.000 4.311
0.051 0.000 0.001
0.057 0.000 0.001
0.034 0.000 0.001
0.028 0.000 0.000
0.027 0.000 0.000
0.040 0.000 0.001
0.019 0.000 0.000
0.026 0.000 0.001
0.093 0.000 0.002
0.300 0.000 0.012
3.157 0.000 5.728
0.080 0.000 0.003
3.353 0.000 6.556
3.264 0.000 6.233
0.058 0.000 0.002
3.255 0.000 6.202
3.230 0.000 6.043
0.046 0.000 0.002
3.121 0.000 5.689
3.293 0.000 6.315
0.065 0.000 0.002
3.605 0.000 6.047
2.000 0.000 0.441
0.042 0.000 0.001
1.778 0.000 0.227
1.761 0.000 0.227
0.132 0.000 0.004
0.062 0.000 0.001
0.034 0.000 0.001
0.014 0.000 0.000
0.048 0.000 0.000
0.042 0.000 0.000
0.024 0.000 0.000
0.007 0.000 0.000
0.046 0.000 0.000
0.042 0.000 0.000
0.029 0.000 0.001
0.006 0.000 0.000
0.038 0.000 0.000
0.029 0.000 0.000
0.026 0.000 0.001
0.008 0.000 0.000
0.038 0.000 0.000
0.035 0.000 0.000
0.031 0.000 0.001
0.007 0.000 0.000
0.042 0.000 0.000
0.035 0.000 0.000
0.026 0.000 0.001
0.007 0.000 0.000
0.043 0.000 0.000
0.041 0.000 0.001
0.033 0.000 0.001
0.006 0.000 0.000
0.038 0.000 0.000
0.032 0.000 0.000
0.030 0.000 0.001
0.008 0.000 0.000
0.042 0.000 0.000
0.043 0.000 0.001
0.037 0.000 0.001
0.007 0.000 0.000
0.039 0.000 0.000
0.033 0.000 0.000
0.027 0.000 0.001
0.007 0.000 0.000
0.043 0.000 0.000
0.045 0.000 0.001
0.034 0.000 0.001
0.008 0.000 0.000
0.032 0.000 0.000
0.030 0.000 0.000
0.024 0.000 0.000
0.011 0.000 0.000
0.058 0.000 0.001
0.029 0.000 0.000
0.024 0.000 0.000
0.010 0.000 0.000
0.058 0.000 0.001
0.031 0.000 0.000
0.026 0.000 0.001
0.010 0.000 0.000
0.067 0.000 0.001
0.044 0.000 0.000
0.024 0.000 0.000
0.010 0.000 0.000
0.062 0.000 0.001
0.037 0.000 0.000
0.025 0.000 0.000
0.066 0.000 0.001
7.098 0.000 22.383
0.010 0.000 0.000
0.008 0.000 0.000
0.010 0.000 0.000
0.008 0.000 0.000
0.000 0.000 0.000
0.000 0.000 0.000
0.000 0.000 0.000
0.000 0.000 0.000
0.000 0.000 0.000
0.000 0.000 0.000
0.000 0.000 0.000
0.000 0.000 0.000
0.000 0.000 0.000
0.000 0.000 0.000
0.000 0.000 0.000
0.000 0.000 0.000
0.000 0.000 0.000
0.000 0.000 0.000
0.000 0.000 0.000
0.000 0.000 0.000
0.000 0.000 0.000
0.000 0.000 0.000
0.000 0.000 0.000
0.000 0.000 0.000
0.000 0.000 0.000
0.000 0.000 0.000
0.000 0.000 0.000
0.000 0.000 0.000
0.000 0.000 0.000
0.000 0.000 0.000
0.000 0.000 0.000
0.000 0.000 0.000
0.000 0.000 0.000
0.000 0.000 0.000
0.000 0.000 0.000
0.000 0.000 0.000
0.000 0.000 0.000
0.000 0.000 0.000
0.000 0.000 0.000
0.000 0.000 0.000
0.000 0.000 0.000
0.000 0.000 0.000
0.000 0.000 0.000
0.000 0.000 0.000
0.000 0.000 0.000
0.000 0.000 0.000
0.000 0.000 0.000
0.000 0.000 0.000
0.000 0.000 0.000
0.000 0.000 0.000
0.000 0.000 0.000
0.000 0.000 0.000
0.000 0.000 0.000
0.000 0.000 0.000
0.000 0.000 0.000
0.000 0.000 0.000
0.000 0.000 0.000
0.000 0.000 0.000
0.000 0.000 0.000
